#--- Sun direction: 45 0 (-0.707107 -0.707107 -0)
7 1 1 100000 0
1.33513e+06 0
0 0
0.612597 0.00112255
335603 1526.3
482293 1775.91
0 0
0 0
absorber 2 405000   91855.5 1053.36   91855.5 1053.36   91855.5 1053.36   0 0   0 0   0 0   0 0   0 0   0 0   0 0   0 0   47792.4 621.87   47792.4 621.87   47792.4 621.87   0 0   0 0   0 0   0 0   0 0   0 0   0 0   0 0
reflector 6 1.33513e+06 100000   0.612597 0.00112255   335603 1526.3
2 6   91855.5 1053.36   91855.5 1053.36   91855.5 1053.36   0 0   0 0   0 0   0 0   0 0   0 0   0 0   47792.4 621.87   47792.4 621.87   47792.4 621.87   0 0   0 0   0 0   0 0   0 0   0 0   0 0
#--- Sun direction: 46 0 (-0.694658 -0.71934 -0)
7 1 1 100000 0
1.33513e+06 0
0 0
0.612611 0.00113016
327309 1524.05
490605 1779.24
0 0
0 0
absorber 2 405000   159964 1347.24   159964 1347.24   159964 1347.24   0 0   0 0   0 0   0 0   0 0   0 0   0 0   0 0   57947.5 679.727   57947.5 679.727   57947.5 679.727   0 0   0 0   0 0   0 0   0 0   0 0   0 0   0 0
reflector 6 1.33513e+06 100000   0.612611 0.00113016   327309 1524.05
2 6   159964 1347.24   159964 1347.24   159964 1347.24   0 0   0 0   0 0   0 0   0 0   0 0   0 0   57947.5 679.727   57947.5 679.727   57947.5 679.727   0 0   0 0   0 0   0 0   0 0   0 0   0 0
#--- Sun direction: 47 0 (-0.681998 -0.731354 -0)
7 1 1 100000 0
1.33513e+06 0
0 0
0.612758 0.00113699
320561 1521.85
497550 1782.77
0 0
0 0
absorber 2 405000   193089 1456.45   193089 1456.45   193089 1456.45   0 0   0 0   0 0   0 0   0 0   0 0   0 0   0 0   66725.9 725.704   66725.9 725.704   66725.9 725.704   0 0   0 0   0 0   0 0   0 0   0 0   0 0   0 0
reflector 6 1.33513e+06 100000   0.612758 0.00113699   320561 1521.85
2 6   193089 1456.45   193089 1456.45   193089 1456.45   0 0   0 0   0 0   0 0   0 0   0 0   0 0   66725.9 725.704   66725.9 725.704   66725.9 725.704   0 0   0 0   0 0   0 0   0 0   0 0   0 0
#--- Sun direction: 48 0 (-0.669131 -0.743145 -0)
7 1 1 100000 0
1.33513e+06 0
0 0
0.613197 0.00114217
314777 1519.26
503920 1785.99
0 0
0 0
absorber 2 405000   196482 1464.09   196482 1464.09   196482 1464.09   0 0   0 0   0 0   0 0   0 0   0 0   0 0   0 0   74890.4 765.562   74890.4 765.562   74890.4 765.562   0 0   0 0   0 0   0 0   0 0   0 0   0 0   0 0
reflector 6 1.33513e+06 100000   0.613197 0.00114217   314777 1519.26
2 6   196482 1464.09   196482 1464.09   196482 1464.09   0 0   0 0   0 0   0 0   0 0   0 0   0 0   74890.4 765.562   74890.4 765.562   74890.4 765.562   0 0   0 0   0 0   0 0   0 0   0 0   0 0
#--- Sun direction: 49 0 (-0.656059 -0.75471 -0)
7 1 1 100000 0
1.33513e+06 0
0 0
0.613796 0.00114645
309763 1516.51
509733 1789.15
0 0
0 0
absorber 2 405000   199520 1470.26   199520 1470.26   199520 1470.26   0 0   0 0   0 0   0 0   0 0   0 0   0 0   0 0   82500.8 800.657   82500.8 800.657   82500.8 800.657   0 0   0 0   0 0   0 0   0 0   0 0   0 0   0 0
reflector 6 1.33513e+06 100000   0.613796 0.00114645   309763 1516.51
2 6   199520 1470.26   199520 1470.26   199520 1470.26   0 0   0 0   0 0   0 0   0 0   0 0   0 0   82500.8 800.657   82500.8 800.657   82500.8 800.657   0 0   0 0   0 0   0 0   0 0   0 0   0 0
#--- Sun direction: 50 0 (-0.642788 -0.766044 -0)
7 1 1 100000 0
1.33513e+06 0
0 0
0.614509 0.00115005
305233 1514.03
515216 1791.81
0 0
0 0
absorber 2 405000   202551 1476.12   202551 1476.12   202551 1476.12   0 0   0 0   0 0   0 0   0 0   0 0   0 0   0 0   89827.6 832.393   89827.6 832.393   89827.6 832.393   0 0   0 0   0 0   0 0   0 0   0 0   0 0   0 0
reflector 6 1.33513e+06 100000   0.614509 0.00115005   305233 1514.03
2 6   202551 1476.12   202551 1476.12   202551 1476.12   0 0   0 0   0 0   0 0   0 0   0 0   0 0   89827.6 832.393   89827.6 832.393   89827.6 832.393   0 0   0 0   0 0   0 0   0 0   0 0   0 0
#--- Sun direction: 51 0 (-0.62932 -0.777146 -0)
7 1 1 100000 0
1.33513e+06 0
0 0
0.61539 0.00115269
300852 1511.54
520773 1793.67
0 0
0 0
absorber 2 405000   205603 1481.76   205603 1481.76   205603 1481.76   0 0   0 0   0 0   0 0   0 0   0 0   0 0   0 0   97310.9 862.643   97310.9 862.643   97310.9 862.643   0 0   0 0   0 0   0 0   0 0   0 0   0 0   0 0
reflector 6 1.33513e+06 100000   0.61539 0.00115269   300852 1511.54
2 6   205603 1481.76   205603 1481.76   205603 1481.76   0 0   0 0   0 0   0 0   0 0   0 0   0 0   97310.9 862.643   97310.9 862.643   97310.9 862.643   0 0   0 0   0 0   0 0   0 0   0 0   0 0
#--- Sun direction: 52 0 (-0.615661 -0.788011 -0)
7 1 1 100000 0
1.33513e+06 0
0 0
0.616536 0.00115384
297297 1508.81
525858 1795.4
0 0
0 0
absorber 2 405000   208849 1487.72   208849 1487.72   208849 1487.72   0 0   0 0   0 0   0 0   0 0   0 0   0 0   0 0   104281 890.036   104281 890.036   104281 890.036   0 0   0 0   0 0   0 0   0 0   0 0   0 0   0 0
reflector 6 1.33513e+06 100000   0.616536 0.00115384   297297 1508.81
2 6   208849 1487.72   208849 1487.72   208849 1487.72   0 0   0 0   0 0   0 0   0 0   0 0   0 0   104281 890.036   104281 890.036   104281 890.036   0 0   0 0   0 0   0 0   0 0   0 0   0 0
#--- Sun direction: 53 0 (-0.601815 -0.798636 -0)
7 1 1 100000 0
1.33513e+06 0
0 0
0.617803 0.00115427
293993 1506.17
530853 1796.6
0 0
0 0
absorber 2 405000   211655 1492.05   211655 1492.05   211655 1492.05   0 0   0 0   0 0   0 0   0 0   0 0   0 0   0 0   111183 915.72   111183 915.72   111183 915.72   0 0   0 0   0 0   0 0   0 0   0 0   0 0   0 0
reflector 6 1.33513e+06 100000   0.617803 0.00115427   293993 1506.17
2 6   211655 1492.05   211655 1492.05   211655 1492.05   0 0   0 0   0 0   0 0   0 0   0 0   0 0   111183 915.72   111183 915.72   111183 915.72   0 0   0 0   0 0   0 0   0 0   0 0   0 0
#--- Sun direction: 54 0 (-0.587785 -0.809017 -0)
7 1 1 100000 0
1.33513e+06 0
0 0
0.619199 0.0011539
290986 1503.84
535723 1797.14
0 0
0 0
absorber 2 405000   214520 1496.3   214520 1496.3   214520 1496.3   0 0   0 0   0 0   0 0   0 0   0 0   0 0   0 0   118079 940.117   118079 940.117   118079 940.117   0 0   0 0   0 0   0 0   0 0   0 0   0 0   0 0
reflector 6 1.33513e+06 100000   0.619199 0.0011539   290986 1503.84
2 6   214520 1496.3   214520 1496.3   214520 1496.3   0 0   0 0   0 0   0 0   0 0   0 0   0 0   118079 940.117   118079 940.117   118079 940.117   0 0   0 0   0 0   0 0   0 0   0 0   0 0
#--- Sun direction: 55 0 (-0.573576 -0.819152 -0)
7 1 1 100000 0
1.33513e+06 0
0 0
0.620893 0.00115183
288395 1500.6
540577 1797.54
0 0
0 0
absorber 2 405000   217228 1499.84   217228 1499.84   217228 1499.84   0 0   0 0   0 0   0 0   0 0   0 0   0 0   0 0   124716 963.109   124716 963.109   124716 963.109   0 0   0 0   0 0   0 0   0 0   0 0   0 0   0 0
reflector 6 1.33513e+06 100000   0.620893 0.00115183   288395 1500.6
2 6   217228 1499.84   217228 1499.84   217228 1499.84   0 0   0 0   0 0   0 0   0 0   0 0   0 0   124716 963.109   124716 963.109   124716 963.109   0 0   0 0   0 0   0 0   0 0   0 0   0 0
#--- Sun direction: 56 0 (-0.559193 -0.829038 -0)
7 1 1 100000 0
1.33513e+06 0
0 0
0.622798 0.00114849
286215 1497.72
545300 1797.1
0 0
0 0
absorber 2 405000   219869 1502.93   219869 1502.93   219869 1502.93   0 0   0 0   0 0   0 0   0 0   0 0   0 0   0 0   131354 984.945   131354 984.945   131354 984.945   0 0   0 0   0 0   0 0   0 0   0 0   0 0   0 0
reflector 6 1.33513e+06 100000   0.622798 0.00114849   286215 1497.72
2 6   219869 1502.93   219869 1502.93   219869 1502.93   0 0   0 0   0 0   0 0   0 0   0 0   0 0   131354 984.945   131354 984.945   131354 984.945   0 0   0 0   0 0   0 0   0 0   0 0   0 0
#--- Sun direction: 57 0 (-0.544639 -0.838671 -0)
7 1 1 100000 0
1.33513e+06 0
0 0
0.624854 0.00114418
284173 1495.14
550087 1795.71
0 0
0 0
absorber 2 405000   222670 1506.28   222670 1506.28   222670 1506.28   0 0   0 0   0 0   0 0   0 0   0 0   0 0   0 0   138039 1005.44   138039 1005.44   138039 1005.44   0 0   0 0   0 0   0 0   0 0   0 0   0 0   0 0
reflector 6 1.33513e+06 100000   0.624854 0.00114418   284173 1495.14
2 6   222670 1506.28   222670 1506.28   222670 1506.28   0 0   0 0   0 0   0 0   0 0   0 0   0 0   138039 1005.44   138039 1005.44   138039 1005.44   0 0   0 0   0 0   0 0   0 0   0 0   0 0
#--- Sun direction: 58 0 (-0.529919 -0.848048 -0)
7 1 1 100000 0
1.33513e+06 0
0 0
0.627067 0.00113883
282612 1492.45
554604 1794.22
0 0
0 0
absorber 2 405000   225470 1509.39   225470 1509.39   225470 1509.39   0 0   0 0   0 0   0 0   0 0   0 0   0 0   0 0   144462 1025.01   144462 1025.01   144462 1025.01   0 0   0 0   0 0   0 0   0 0   0 0   0 0   0 0
reflector 6 1.33513e+06 100000   0.627067 0.00113883   282612 1492.45
2 6   225470 1509.39   225470 1509.39   225470 1509.39   0 0   0 0   0 0   0 0   0 0   0 0   0 0   144462 1025.01   144462 1025.01   144462 1025.01   0 0   0 0   0 0   0 0   0 0   0 0   0 0
#--- Sun direction: 59 0 (-0.515038 -0.857167 -0)
7 1 1 100000 0
1.33513e+06 0
0 0
0.629637 0.00113131
281648 1489.23
558998 1792.34
0 0
0 0
absorber 2 405000   228375 1512.63   228375 1512.63   228375 1512.63   0 0   0 0   0 0   0 0   0 0   0 0   0 0   0 0   150795 1044.26   150795 1044.26   150795 1044.26   0 0   0 0   0 0   0 0   0 0   0 0   0 0   0 0
reflector 6 1.33513e+06 100000   0.629637 0.00113131   281648 1489.23
2 6   228375 1512.63   228375 1512.63   228375 1512.63   0 0   0 0   0 0   0 0   0 0   0 0   0 0   150795 1044.26   150795 1044.26   150795 1044.26   0 0   0 0   0 0   0 0   0 0   0 0   0 0
#--- Sun direction: 60 0 (-0.5 -0.866025 -0)
7 1 1 100000 0
1.33513e+06 0
0 0
0.632386 0.00112254
280941 1485.66
563376 1790.13
0 0
0 0
absorber 2 405000   231125 1515.19   231125 1515.19   231125 1515.19   0 0   0 0   0 0   0 0   0 0   0 0   0 0   0 0   157099 1063.31   157099 1063.31   157099 1063.31   0 0   0 0   0 0   0 0   0 0   0 0   0 0   0 0
reflector 6 1.33513e+06 100000   0.632386 0.00112254   280941 1485.66
2 6   231125 1515.19   231125 1515.19   231125 1515.19   0 0   0 0   0 0   0 0   0 0   0 0   0 0   157099 1063.31   157099 1063.31   157099 1063.31   0 0   0 0   0 0   0 0   0 0   0 0   0 0
#--- Sun direction: 61 0 (-0.48481 -0.87462 -0)
7 1 1 100000 0
1.33513e+06 0
0 0
0.63531 0.0011125
280385 1482.03
567835 1787.19
0 0
0 0
absorber 2 405000   233338 1516.02   233338 1516.02   233338 1516.02   0 0   0 0   0 0   0 0   0 0   0 0   0 0   0 0   163500 1081.89   163500 1081.89   163500 1081.89   0 0   0 0   0 0   0 0   0 0   0 0   0 0   0 0
reflector 6 1.33513e+06 100000   0.63531 0.0011125   280385 1482.03
2 6   233338 1516.02   233338 1516.02   233338 1516.02   0 0   0 0   0 0   0 0   0 0   0 0   0 0   163500 1081.89   163500 1081.89   163500 1081.89   0 0   0 0   0 0   0 0   0 0   0 0   0 0
#--- Sun direction: 62 0 (-0.469472 -0.882948 -0)
7 1 1 100000 0
1.33513e+06 0
0 0
0.638415 0.00110108
280040 1478.06
572326 1783.81
0 0
0 0
absorber 2 405000   235991 1517.93   235991 1517.93   235991 1517.93   0 0   0 0   0 0   0 0   0 0   0 0   0 0   0 0   169878 1100.06   169878 1100.06   169878 1100.06   0 0   0 0   0 0   0 0   0 0   0 0   0 0   0 0
reflector 6 1.33513e+06 100000   0.638415 0.00110108   280040 1478.06
2 6   235991 1517.93   235991 1517.93   235991 1517.93   0 0   0 0   0 0   0 0   0 0   0 0   0 0   169878 1100.06   169878 1100.06   169878 1100.06   0 0   0 0   0 0   0 0   0 0   0 0   0 0
#--- Sun direction: 63 0 (-0.45399 -0.891007 -0)
7 1 1 100000 0
1.33513e+06 0
0 0
0.641885 0.00108715
280347 1473.62
576652 1780.03
0 0
0 0
absorber 2 405000   238547 1519.41   238547 1519.41   238547 1519.41   0 0   0 0   0 0   0 0   0 0   0 0   0 0   0 0   176143 1118.08   176143 1118.08   176143 1118.08   0 0   0 0   0 0   0 0   0 0   0 0   0 0   0 0
reflector 6 1.33513e+06 100000   0.641885 0.00108715   280347 1473.62
2 6   238547 1519.41   238547 1519.41   238547 1519.41   0 0   0 0   0 0   0 0   0 0   0 0   0 0   176143 1118.08   176143 1118.08   176143 1118.08   0 0   0 0   0 0   0 0   0 0   0 0   0 0
#--- Sun direction: 64 0 (-0.438371 -0.898794 -0)
7 1 1 100000 0
1.33513e+06 0
0 0
0.645536 0.00107165
280789 1468.71
581085 1775.76
0 0
0 0
absorber 2 405000   241117 1520.72   241117 1520.72   241117 1520.72   0 0   0 0   0 0   0 0   0 0   0 0   0 0   0 0   182428 1135.87   182428 1135.87   182428 1135.87   0 0   0 0   0 0   0 0   0 0   0 0   0 0   0 0
reflector 6 1.33513e+06 100000   0.645536 0.00107165   280789 1468.71
2 6   241117 1520.72   241117 1520.72   241117 1520.72   0 0   0 0   0 0   0 0   0 0   0 0   0 0   182428 1135.87   182428 1135.87   182428 1135.87   0 0   0 0   0 0   0 0   0 0   0 0   0 0
#--- Sun direction: 65 0 (-0.422618 -0.906308 -0)
7 1 1 100000 0
1.33513e+06 0
0 0
0.649377 0.00105446
281550 1463.36
585452 1771.23
0 0
0 0
absorber 2 405000   244141 1523.17   244141 1523.17   244141 1523.17   0 0   0 0   0 0   0 0   0 0   0 0   0 0   0 0   188634 1153.52   188634 1153.52   188634 1153.52   0 0   0 0   0 0   0 0   0 0   0 0   0 0   0 0
reflector 6 1.33513e+06 100000   0.649377 0.00105446   281550 1463.36
2 6   244141 1523.17   244141 1523.17   244141 1523.17   0 0   0 0   0 0   0 0   0 0   0 0   0 0   188634 1153.52   188634 1153.52   188634 1153.52   0 0   0 0   0 0   0 0   0 0   0 0   0 0
#--- Sun direction: 66 0 (-0.406737 -0.913545 -0)
7 1 1 100000 0
1.33513e+06 0
0 0
0.653426 0.00103533
282753 1457.81
589655 1766.37
0 0
0 0
absorber 2 405000   246750 1524.37   246750 1524.37   246750 1524.37   0 0   0 0   0 0   0 0   0 0   0 0   0 0   0 0   194784 1171.09   194784 1171.09   194784 1171.09   0 0   0 0   0 0   0 0   0 0   0 0   0 0   0 0
reflector 6 1.33513e+06 100000   0.653426 0.00103533   282753 1457.81
2 6   246750 1524.37   246750 1524.37   246750 1524.37   0 0   0 0   0 0   0 0   0 0   0 0   0 0   194784 1171.09   194784 1171.09   194784 1171.09   0 0   0 0   0 0   0 0   0 0   0 0   0 0
#--- Sun direction: 67 0 (-0.390731 -0.920505 -0)
7 1 1 100000 0
1.33513e+06 0
0 0
0.657795 0.0010134
284362 1451.35
593879 1761.18
0 0
0 0
absorber 2 405000   248963 1524.34   248963 1524.34   248963 1524.34   0 0   0 0   0 0   0 0   0 0   0 0   0 0   0 0   200829 1188.61   200829 1188.61   200829 1188.61   0 0   0 0   0 0   0 0   0 0   0 0   0 0   0 0
reflector 6 1.33513e+06 100000   0.657795 0.0010134   284362 1451.35
2 6   248963 1524.34   248963 1524.34   248963 1524.34   0 0   0 0   0 0   0 0   0 0   0 0   0 0   200829 1188.61   200829 1188.61   200829 1188.61   0 0   0 0   0 0   0 0   0 0   0 0   0 0
#--- Sun direction: 68 0 (-0.374607 -0.927184 -0)
7 1 1 100000 0
1.33513e+06 0
0 0
0.662451 0.000988648
286348 1444.32
598110 1755.45
0 0
0 0
absorber 2 405000   251815 1525.91   251815 1525.91   251815 1525.91   0 0   0 0   0 0   0 0   0 0   0 0   0 0   0 0   206854 1206.13   206854 1206.13   206854 1206.13   0 0   0 0   0 0   0 0   0 0   0 0   0 0   0 0
reflector 6 1.33513e+06 100000   0.662451 0.000988648   286348 1444.32
2 6   251815 1525.91   251815 1525.91   251815 1525.91   0 0   0 0   0 0   0 0   0 0   0 0   0 0   206854 1206.13   206854 1206.13   206854 1206.13   0 0   0 0   0 0   0 0   0 0   0 0   0 0
#--- Sun direction: 69 0 (-0.358368 -0.93358 -0)
7 1 1 100000 0
1.33513e+06 0
0 0
0.666981 0.000963684
288420 1437.41
602086 1749.97
0 0
0 0
absorber 2 405000   254942 1528.1   254942 1528.1   254942 1528.1   0 0   0 0   0 0   0 0   0 0   0 0   0 0   0 0   212714 1223.54   212714 1223.54   212714 1223.54   0 0   0 0   0 0   0 0   0 0   0 0   0 0   0 0
reflector 6 1.33513e+06 100000   0.666981 0.000963684   288420 1437.41
2 6   254942 1528.1   254942 1528.1   254942 1528.1   0 0   0 0   0 0   0 0   0 0   0 0   0 0   212714 1223.54   212714 1223.54   212714 1223.54   0 0   0 0   0 0   0 0   0 0   0 0   0 0
#--- Sun direction: 70 0 (-0.34202 -0.939693 -0)
7 1 1 100000 0
1.33513e+06 0
0 0
0.671308 0.000939046
290276 1430.56
606007 1744.58
0 0
0 0
absorber 2 405000   258139 1530.35   258139 1530.35   258139 1530.35   0 0   0 0   0 0   0 0   0 0   0 0   0 0   0 0   218620 1241.2   218620 1241.2   218620 1241.2   0 0   0 0   0 0   0 0   0 0   0 0   0 0   0 0
reflector 6 1.33513e+06 100000   0.671308 0.000939046   290276 1430.56
2 6   258139 1530.35   258139 1530.35   258139 1530.35   0 0   0 0   0 0   0 0   0 0   0 0   0 0   218620 1241.2   218620 1241.2   218620 1241.2   0 0   0 0   0 0   0 0   0 0   0 0   0 0
#--- Sun direction: 71 0 (-0.325568 -0.945519 -0)
7 1 1 100000 0
1.33513e+06 0
0 0
0.67543 0.000914792
292089 1424.08
609697 1739.38
0 0
0 0
absorber 2 405000   260619 1530.58   260619 1530.58   260619 1530.58   0 0   0 0   0 0   0 0   0 0   0 0   0 0   0 0   224480 1258.91   224480 1258.91   224480 1258.91   0 0   0 0   0 0   0 0   0 0   0 0   0 0   0 0
reflector 6 1.33513e+06 100000   0.67543 0.000914792   292089 1424.08
2 6   260619 1530.58   260619 1530.58   260619 1530.58   0 0   0 0   0 0   0 0   0 0   0 0   0 0   224480 1258.91   224480 1258.91   224480 1258.91   0 0   0 0   0 0   0 0   0 0   0 0   0 0
#--- Sun direction: 72 0 (-0.309017 -0.951057 -0)
7 1 1 100000 0
1.33513e+06 0
0 0
0.679346 0.000890983
293812 1417.9
613202 1734.36
0 0
0 0
absorber 2 405000   263293 1531.26   263293 1531.26   263293 1531.26   0 0   0 0   0 0   0 0   0 0   0 0   0 0   0 0   230238 1276.42   230238 1276.42   230238 1276.42   0 0   0 0   0 0   0 0   0 0   0 0   0 0   0 0
reflector 6 1.33513e+06 100000   0.679346 0.000890983   293812 1417.9
2 6   263293 1531.26   263293 1531.26   263293 1531.26   0 0   0 0   0 0   0 0   0 0   0 0   0 0   230238 1276.42   230238 1276.42   230238 1276.42   0 0   0 0   0 0   0 0   0 0   0 0   0 0
#--- Sun direction: 73 0 (-0.292372 -0.956305 -0)
7 1 1 100000 0
1.33513e+06 0
0 0
0.683055 0.000867686
295384 1411.82
616583 1729.56
0 0
0 0
absorber 2 405000   266193 1532.43   266193 1532.43   266193 1532.43   0 0   0 0   0 0   0 0   0 0   0 0   0 0   0 0   235963 1294.02   235963 1294.02   235963 1294.02   0 0   0 0   0 0   0 0   0 0   0 0   0 0   0 0
reflector 6 1.33513e+06 100000   0.683055 0.000867686   295384 1411.82
2 6   266193 1532.43   266193 1532.43   266193 1532.43   0 0   0 0   0 0   0 0   0 0   0 0   0 0   235963 1294.02   235963 1294.02   235963 1294.02   0 0   0 0   0 0   0 0   0 0   0 0   0 0
#--- Sun direction: 74 0 (-0.275637 -0.961262 -0)
7 1 1 100000 0
1.33513e+06 0
0 0
0.686557 0.000844973
296812 1405.95
619830 1724.95
0 0
0 0
absorber 2 405000   269222 1533.89   269222 1533.89   269222 1533.89   0 0   0 0   0 0   0 0   0 0   0 0   0 0   0 0   241699 1311.72   241699 1311.72   241699 1311.72   0 0   0 0   0 0   0 0   0 0   0 0   0 0   0 0
reflector 6 1.33513e+06 100000   0.686557 0.000844973   296812 1405.95
2 6   269222 1533.89   269222 1533.89   269222 1533.89   0 0   0 0   0 0   0 0   0 0   0 0   0 0   241699 1311.72   241699 1311.72   241699 1311.72   0 0   0 0   0 0   0 0   0 0   0 0   0 0
#--- Sun direction: 75 0 (-0.258819 -0.965926 -0)
7 1 1 100000 0
1.33513e+06 0
0 0
0.689849 0.000822921
298209 1400.51
622828 1720.58
0 0
0 0
absorber 2 405000   272611 1536.24   272611 1536.24   272611 1536.24   0 0   0 0   0 0   0 0   0 0   0 0   0 0   0 0   247368 1329.32   247368 1329.32   247368 1329.32   0 0   0 0   0 0   0 0   0 0   0 0   0 0   0 0
reflector 6 1.33513e+06 100000   0.689849 0.000822921   298209 1400.51
2 6   272611 1536.24   272611 1536.24   272611 1536.24   0 0   0 0   0 0   0 0   0 0   0 0   0 0   247368 1329.32   247368 1329.32   247368 1329.32   0 0   0 0   0 0   0 0   0 0   0 0   0 0
#--- Sun direction: 76 0 (-0.241922 -0.970296 -0)
7 1 1 100000 0
1.33513e+06 0
0 0
0.692931 0.000801613
299445 1395.33
625708 1716.34
0 0
0 0
absorber 2 405000   276005 1538.51   276005 1538.51   276005 1538.51   0 0   0 0   0 0   0 0   0 0   0 0   0 0   0 0   253051 1346.95   253051 1346.95   253051 1346.95   0 0   0 0   0 0   0 0   0 0   0 0   0 0   0 0
reflector 6 1.33513e+06 100000   0.692931 0.000801613   299445 1395.33
2 6   276005 1538.51   276005 1538.51   276005 1538.51   0 0   0 0   0 0   0 0   0 0   0 0   0 0   253051 1346.95   253051 1346.95   253051 1346.95   0 0   0 0   0 0   0 0   0 0   0 0   0 0
#--- Sun direction: 77 0 (-0.224951 -0.97437 -0)
7 1 1 100000 0
1.33513e+06 0
0 0
0.695802 0.000781137
300643 1390.53
628342 1712.38
0 0
0 0
absorber 2 405000   279740 1541.59   279740 1541.59   279740 1541.59   0 0   0 0   0 0   0 0   0 0   0 0   0 0   0 0   258592 1364.29   258592 1364.29   258592 1364.29   0 0   0 0   0 0   0 0   0 0   0 0   0 0   0 0
reflector 6 1.33513e+06 100000   0.695802 0.000781137   300643 1390.53
2 6   279740 1541.59   279740 1541.59   279740 1541.59   0 0   0 0   0 0   0 0   0 0   0 0   0 0   258592 1364.29   258592 1364.29   258592 1364.29   0 0   0 0   0 0   0 0   0 0   0 0   0 0
#--- Sun direction: 78 0 (-0.207912 -0.978148 -0)
7 1 1 100000 0
1.33513e+06 0
0 0
0.698461 0.000761586
301696 1385.95
630840 1708.65
0 0
0 0
absorber 2 405000   283071 1543.55   283071 1543.55   283071 1543.55   0 0   0 0   0 0   0 0   0 0   0 0   0 0   0 0   264079 1381.56   264079 1381.56   264079 1381.56   0 0   0 0   0 0   0 0   0 0   0 0   0 0   0 0
reflector 6 1.33513e+06 100000   0.698461 0.000761586   301696 1385.95
2 6   283071 1543.55   283071 1543.55   283071 1543.55   0 0   0 0   0 0   0 0   0 0   0 0   0 0   264079 1381.56   264079 1381.56   264079 1381.56   0 0   0 0   0 0   0 0   0 0   0 0   0 0
#--- Sun direction: 79 0 (-0.190809 -0.981627 -0)
7 1 1 100000 0
1.33513e+06 0
0 0
0.700907 0.000743057
302761 1381.89
633041 1705.23
0 0
0 0
absorber 2 405000   286807 1546.5   286807 1546.5   286807 1546.5   0 0   0 0   0 0   0 0   0 0   0 0   0 0   0 0   269399 1398.48   269399 1398.48   269399 1398.48   0 0   0 0   0 0   0 0   0 0   0 0   0 0   0 0
reflector 6 1.33513e+06 100000   0.700907 0.000743057   302761 1381.89
2 6   286807 1546.5   286807 1546.5   286807 1546.5   0 0   0 0   0 0   0 0   0 0   0 0   0 0   269399 1398.48   269399 1398.48   269399 1398.48   0 0   0 0   0 0   0 0   0 0   0 0   0 0
#--- Sun direction: 80 0 (-0.173648 -0.984808 -0)
7 1 1 100000 0
1.33513e+06 0
0 0
0.70314 0.000725652
303655 1377.92
635128 1702.11
0 0
0 0
absorber 2 405000   290299 1548.91   290299 1548.91   290299 1548.91   0 0   0 0   0 0   0 0   0 0   0 0   0 0   0 0   274764 1415.49   274764 1415.49   274764 1415.49   0 0   0 0   0 0   0 0   0 0   0 0   0 0   0 0
reflector 6 1.33513e+06 100000   0.70314 0.000725652   303655 1377.92
2 6   290299 1548.91   290299 1548.91   290299 1548.91   0 0   0 0   0 0   0 0   0 0   0 0   0 0   274764 1415.49   274764 1415.49   274764 1415.49   0 0   0 0   0 0   0 0   0 0   0 0   0 0
#--- Sun direction: 81 0 (-0.156434 -0.987688 -0)
7 1 1 100000 0
1.33513e+06 0
0 0
0.705159 0.000709476
304570 1374.53
636908 1699.29
0 0
0 0
absorber 2 405000   293882 1551.48   293882 1551.48   293882 1551.48   0 0   0 0   0 0   0 0   0 0   0 0   0 0   0 0   279914 1432.04   279914 1432.04   279914 1432.04   0 0   0 0   0 0   0 0   0 0   0 0   0 0   0 0
reflector 6 1.33513e+06 100000   0.705159 0.000709476   304570 1374.53
2 6   293882 1551.48   293882 1551.48   293882 1551.48   0 0   0 0   0 0   0 0   0 0   0 0   0 0   279914 1432.04   279914 1432.04   279914 1432.04   0 0   0 0   0 0   0 0   0 0   0 0   0 0
#--- Sun direction: 82 0 (-0.139173 -0.990268 -0)
7 1 1 100000 0
1.33513e+06 0
0 0
0.706962 0.000694635
305308 1371.36
638578 1696.69
0 0
0 0
absorber 2 405000   297390 1553.84   297390 1553.84   297390 1553.84   0 0   0 0   0 0   0 0   0 0   0 0   0 0   0 0   285075 1448.59   285075 1448.59   285075 1448.59   0 0   0 0   0 0   0 0   0 0   0 0   0 0   0 0
reflector 6 1.33513e+06 100000   0.706962 0.000694635   305308 1371.36
2 6   297390 1553.84   297390 1553.84   297390 1553.84   0 0   0 0   0 0   0 0   0 0   0 0   0 0   285075 1448.59   285075 1448.59   285075 1448.59   0 0   0 0   0 0   0 0   0 0   0 0   0 0
#--- Sun direction: 83 0 (-0.121869 -0.992546 -0)
7 1 1 100000 0
1.33513e+06 0
0 0
0.708551 0.000681235
305889 1368.37
640118 1694.38
0 0
0 0
absorber 2 405000   300813 1555.96   300813 1555.96   300813 1555.96   0 0   0 0   0 0   0 0   0 0   0 0   0 0   0 0   290112 1464.85   290112 1464.85   290112 1464.85   0 0   0 0   0 0   0 0   0 0   0 0   0 0   0 0
reflector 6 1.33513e+06 100000   0.708551 0.000681235   305889 1368.37
2 6   300813 1555.96   300813 1555.96   300813 1555.96   0 0   0 0   0 0   0 0   0 0   0 0   0 0   290112 1464.85   290112 1464.85   290112 1464.85   0 0   0 0   0 0   0 0   0 0   0 0   0 0
#--- Sun direction: 84 0 (-0.104528 -0.994522 -0)
7 1 1 100000 0
1.33513e+06 0
0 0
0.709924 0.00066938
306381 1365.72
641458 1692.38
0 0
0 0
absorber 2 405000   304324 1558.31   304324 1558.31   304324 1558.31   0 0   0 0   0 0   0 0   0 0   0 0   0 0   0 0   295093 1481   295093 1481   295093 1481   0 0   0 0   0 0   0 0   0 0   0 0   0 0   0 0
reflector 6 1.33513e+06 100000   0.709924 0.00066938   306381 1365.72
2 6   304324 1558.31   304324 1558.31   304324 1558.31   0 0   0 0   0 0   0 0   0 0   0 0   0 0   295093 1481   295093 1481   295093 1481   0 0   0 0   0 0   0 0   0 0   0 0   0 0
#--- Sun direction: 85 0 (-0.0871557 -0.996195 -0)
7 1 1 100000 0
1.33513e+06 0
0 0
0.71108 0.000659166
306847 1363.65
642537 1690.62
0 0
0 0
absorber 2 405000   307628 1560.16   307628 1560.16   307628 1560.16   0 0   0 0   0 0   0 0   0 0   0 0   0 0   0 0   299923 1496.75   299923 1496.75   299923 1496.75   0 0   0 0   0 0   0 0   0 0   0 0   0 0   0 0
reflector 6 1.33513e+06 100000   0.71108 0.000659166   306847 1363.65
2 6   307628 1560.16   307628 1560.16   307628 1560.16   0 0   0 0   0 0   0 0   0 0   0 0   0 0   299923 1496.75   299923 1496.75   299923 1496.75   0 0   0 0   0 0   0 0   0 0   0 0   0 0
#--- Sun direction: 86 0 (-0.0697565 -0.997564 -0)
7 1 1 100000 0
1.33513e+06 0
0 0
0.71202 0.000650686
307352 1362.16
643286 1689.25
0 0
0 0
absorber 2 405000   310661 1561.54   310661 1561.54   310661 1561.54   0 0   0 0   0 0   0 0   0 0   0 0   0 0   0 0   304653 1512.27   304653 1512.27   304653 1512.27   0 0   0 0   0 0   0 0   0 0   0 0   0 0   0 0
reflector 6 1.33513e+06 100000   0.71202 0.000650686   307352 1362.16
2 6   310661 1561.54   310661 1561.54   310661 1561.54   0 0   0 0   0 0   0 0   0 0   0 0   0 0   304653 1512.27   304653 1512.27   304653 1512.27   0 0   0 0   0 0   0 0   0 0   0 0   0 0
#--- Sun direction: 87 0 (-0.052336 -0.99863 -0)
7 1 1 100000 0
1.33513e+06 0
0 0
0.712743 0.000644016
307736 1360.88
643867 1688.24
0 0
0 0
absorber 2 405000   313736 1563.16   313736 1563.16   313736 1563.16   0 0   0 0   0 0   0 0   0 0   0 0   0 0   0 0   309315 1527.58   309315 1527.58   309315 1527.58   0 0   0 0   0 0   0 0   0 0   0 0   0 0   0 0
reflector 6 1.33513e+06 100000   0.712743 0.000644016   307736 1360.88
2 6   313736 1563.16   313736 1563.16   313736 1563.16   0 0   0 0   0 0   0 0   0 0   0 0   0 0   309315 1527.58   309315 1527.58   309315 1527.58   0 0   0 0   0 0   0 0   0 0   0 0   0 0
#--- Sun direction: 88 0 (-0.0348995 -0.999391 -0)
7 1 1 100000 0
1.33513e+06 0
0 0
0.713248 0.000639223
307914 1359.82
644365 1687.43
0 0
0 0
absorber 2 405000   316438 1563.99   316438 1563.99   316438 1563.99   0 0   0 0   0 0   0 0   0 0   0 0   0 0   0 0   313993 1542.79   313993 1542.79   313993 1542.79   0 0   0 0   0 0   0 0   0 0   0 0   0 0   0 0
reflector 6 1.33513e+06 100000   0.713248 0.000639223   307914 1359.82
2 6   316438 1563.99   316438 1563.99   316438 1563.99   0 0   0 0   0 0   0 0   0 0   0 0   0 0   313993 1542.79   313993 1542.79   313993 1542.79   0 0   0 0   0 0   0 0   0 0   0 0   0 0
#--- Sun direction: 89 0 (-0.0174524 -0.999848 -0)
7 1 1 100000 0
1.33513e+06 0
0 0
0.713537 0.000636355
308061 1359.35
644603 1686.88
0 0
0 0
absorber 2 405000   318359 1563.13   318359 1563.13   318359 1563.13   0 0   0 0   0 0   0 0   0 0   0 0   0 0   0 0   317727 1555.82   317727 1555.82   317727 1555.82   0 0   0 0   0 0   0 0   0 0   0 0   0 0   0 0
reflector 6 1.33513e+06 100000   0.713537 0.000636355   308061 1359.35
2 6   318359 1563.13   318359 1563.13   318359 1563.13   0 0   0 0   0 0   0 0   0 0   0 0   0 0   317727 1555.82   317727 1555.82   317727 1555.82   0 0   0 0   0 0   0 0   0 0   0 0   0 0
#--- Sun direction: 90 0 (-6.12323e-17 -1 -0)
7 1 1 100000 0
1.33513e+06 0
0 0
0.713608 0.000635441
307987 1358.84
644772 1686.7
0 0
0 0
absorber 2 405000   314023 1548.39   314023 1548.39   314023 1548.39   0 0   0 0   0 0   0 0   0 0   0 0   0 0   0 0   315114 1554.65   315114 1554.65   315114 1554.65   0 0   0 0   0 0   0 0   0 0   0 0   0 0   0 0
reflector 6 1.33513e+06 100000   0.713608 0.000635441   307987 1358.84
2 6   314023 1548.39   314023 1548.39   314023 1548.39   0 0   0 0   0 0   0 0   0 0   0 0   0 0   315114 1554.65   315114 1554.65   315114 1554.65   0 0   0 0   0 0   0 0   0 0   0 0   0 0
#--- Sun direction: 91 0 (0.0174524 -0.999848 -0)
7 1 1 100000 0
1.33513e+06 0
0 0
0.713462 0.000636491
307908 1359.06
644655 1686.71
0 0
0 0
absorber 2 405000   316555 1549.31   316555 1549.31   316555 1549.31   0 0   0 0   0 0   0 0   0 0   0 0   0 0   0 0   319464 1569.24   319464 1569.24   319464 1569.24   0 0   0 0   0 0   0 0   0 0   0 0   0 0   0 0
reflector 6 1.33513e+06 100000   0.713462 0.000636491   307908 1359.06
2 6   316555 1549.31   316555 1549.31   316555 1549.31   0 0   0 0   0 0   0 0   0 0   0 0   0 0   319464 1569.24   319464 1569.24   319464 1569.24   0 0   0 0   0 0   0 0   0 0   0 0   0 0
#--- Sun direction: 92 0 (0.0348995 -0.999391 -0)
7 1 1 100000 0
1.33513e+06 0
0 0
0.713098 0.000639493
307766 1359.51
644312 1687.21
0 0
0 0
absorber 2 405000   312735 1535.98   312735 1535.98   312735 1535.98   0 0   0 0   0 0   0 0   0 0   0 0   0 0   0 0   317363 1569.67   317363 1569.67   317363 1569.67   0 0   0 0   0 0   0 0   0 0   0 0   0 0   0 0
reflector 6 1.33513e+06 100000   0.713098 0.000639493   307766 1359.51
2 6   312735 1535.98   312735 1535.98   312735 1535.98   0 0   0 0   0 0   0 0   0 0   0 0   0 0   317363 1569.67   317363 1569.67   317363 1569.67   0 0   0 0   0 0   0 0   0 0   0 0   0 0
#--- Sun direction: 93 0 (0.052336 -0.99863 -0)
7 1 1 100000 0
1.33513e+06 0
0 0
0.712517 0.000644417
307474 1360.19
643829 1688
0 0
0 0
absorber 2 405000   308101 1520.78   308101 1520.78   308101 1520.78   0 0   0 0   0 0   0 0   0 0   0 0   0 0   0 0   314191 1567.78   314191 1567.78   314191 1567.78   0 0   0 0   0 0   0 0   0 0   0 0   0 0   0 0
reflector 6 1.33513e+06 100000   0.712517 0.000644417   307474 1360.19
2 6   308101 1520.78   308101 1520.78   308101 1520.78   0 0   0 0   0 0   0 0   0 0   0 0   0 0   314191 1567.78   314191 1567.78   314191 1567.78   0 0   0 0   0 0   0 0   0 0   0 0   0 0
#--- Sun direction: 94 0 (0.0697565 -0.997564 -0)
7 1 1 100000 0
1.33513e+06 0
0 0
0.71172 0.000651214
307244 1361.51
642994 1689.19
0 0
0 0
absorber 2 405000   303267 1505.14   303267 1505.14   303267 1505.14   0 0   0 0   0 0   0 0   0 0   0 0   0 0   0 0   310941 1565.83   310941 1565.83   310941 1565.83   0 0   0 0   0 0   0 0   0 0   0 0   0 0   0 0
reflector 6 1.33513e+06 100000   0.71172 0.000651214   307244 1361.51
2 6   303267 1505.14   303267 1505.14   303267 1505.14   0 0   0 0   0 0   0 0   0 0   0 0   0 0   310941 1565.83   310941 1565.83   310941 1565.83   0 0   0 0   0 0   0 0   0 0   0 0   0 0
#--- Sun direction: 95 0 (0.0871557 -0.996195 -0)
7 1 1 100000 0
1.33513e+06 0
0 0
0.710705 0.000659817
306870 1363.02
642012 1690.71
0 0
0 0
absorber 2 405000   298401 1489.36   298401 1489.36   298401 1489.36   0 0   0 0   0 0   0 0   0 0   0 0   0 0   0 0   307813 1564.26   307813 1564.26   307813 1564.26   0 0   0 0   0 0   0 0   0 0   0 0   0 0   0 0
reflector 6 1.33513e+06 100000   0.710705 0.000659817   306870 1363.02
2 6   298401 1489.36   298401 1489.36   298401 1489.36   0 0   0 0   0 0   0 0   0 0   0 0   0 0   307813 1564.26   307813 1564.26   307813 1564.26   0 0   0 0   0 0   0 0   0 0   0 0   0 0
#--- Sun direction: 96 0 (0.104528 -0.994522 -0)
7 1 1 100000 0
1.33513e+06 0
0 0
0.709474 0.000670147
306369 1365.04
640870 1692.35
0 0
0 0
absorber 2 405000   293506 1473.37   293506 1473.37   293506 1473.37   0 0   0 0   0 0   0 0   0 0   0 0   0 0   0 0   304311 1561.78   304311 1561.78   304311 1561.78   0 0   0 0   0 0   0 0   0 0   0 0   0 0   0 0
reflector 6 1.33513e+06 100000   0.709474 0.000670147   306369 1365.04
2 6   293506 1473.37   293506 1473.37   293506 1473.37   0 0   0 0   0 0   0 0   0 0   0 0   0 0   304311 1561.78   304311 1561.78   304311 1561.78   0 0   0 0   0 0   0 0   0 0   0 0   0 0
#--- Sun direction: 97 0 (0.121869 -0.992546 -0)
7 1 1 100000 0
1.33513e+06 0
0 0
0.708027 0.000682112
305701 1367.16
639606 1694.35
0 0
0 0
absorber 2 405000   288499 1457.17   288499 1457.17   288499 1457.17   0 0   0 0   0 0   0 0   0 0   0 0   0 0   0 0   301130 1560.06   301130 1560.06   301130 1560.06   0 0   0 0   0 0   0 0   0 0   0 0   0 0   0 0
reflector 6 1.33513e+06 100000   0.708027 0.000682112   305701 1367.16
2 6   288499 1457.17   288499 1457.17   288499 1457.17   0 0   0 0   0 0   0 0   0 0   0 0   0 0   301130 1560.06   301130 1560.06   301130 1560.06   0 0   0 0   0 0   0 0   0 0   0 0   0 0
#--- Sun direction: 98 0 (0.139173 -0.990268 -0)
7 1 1 100000 0
1.33513e+06 0
0 0
0.706364 0.000695615
304951 1369.58
638135 1696.7
0 0
0 0
absorber 2 405000   283464 1440.89   283464 1440.89   283464 1440.89   0 0   0 0   0 0   0 0   0 0   0 0   0 0   0 0   297548 1557.51   297548 1557.51   297548 1557.51   0 0   0 0   0 0   0 0   0 0   0 0   0 0   0 0
reflector 6 1.33513e+06 100000   0.706364 0.000695615   304951 1369.58
2 6   283464 1440.89   283464 1440.89   283464 1440.89   0 0   0 0   0 0   0 0   0 0   0 0   0 0   297548 1557.51   297548 1557.51   297548 1557.51   0 0   0 0   0 0   0 0   0 0   0 0   0 0
#--- Sun direction: 99 0 (0.156434 -0.987688 -0)
7 1 1 100000 0
1.33513e+06 0
0 0
0.704486 0.000710552
304257 1372.72
636322 1699.33
0 0
0 0
absorber 2 405000   278193 1424.12   278193 1424.12   278193 1424.12   0 0   0 0   0 0   0 0   0 0   0 0   0 0   0 0   293648 1554.09   293648 1554.09   293648 1554.09   0 0   0 0   0 0   0 0   0 0   0 0   0 0   0 0
reflector 6 1.33513e+06 100000   0.704486 0.000710552   304257 1372.72
2 6   278193 1424.12   278193 1424.12   278193 1424.12   0 0   0 0   0 0   0 0   0 0   0 0   0 0   293648 1554.09   293648 1554.09   293648 1554.09   0 0   0 0   0 0   0 0   0 0   0 0   0 0
#--- Sun direction: 100 0 (0.173648 -0.984808 -0)
7 1 1 100000 0
1.33513e+06 0
0 0
0.702393 0.000726816
303407 1376.08
634378 1702.22
0 0
0 0
absorber 2 405000   272947 1407.33   272947 1407.33   272947 1407.33   0 0   0 0   0 0   0 0   0 0   0 0   0 0   0 0   289747 1550.7   289747 1550.7   289747 1550.7   0 0   0 0   0 0   0 0   0 0   0 0   0 0   0 0
reflector 6 1.33513e+06 100000   0.702393 0.000726816   303407 1376.08
2 6   272947 1407.33   272947 1407.33   272947 1407.33   0 0   0 0   0 0   0 0   0 0   0 0   0 0   289747 1550.7   289747 1550.7   289747 1550.7   0 0   0 0   0 0   0 0   0 0   0 0   0 0
#--- Sun direction: 101 0 (0.190809 -0.981627 -0)
7 1 1 100000 0
1.33513e+06 0
0 0
0.700087 0.000744302
302265 1379.47
632440 1705.25
0 0
0 0
absorber 2 405000   267661 1390.39   267661 1390.39   267661 1390.39   0 0   0 0   0 0   0 0   0 0   0 0   0 0   0 0   286033 1547.61   286033 1547.61   286033 1547.61   0 0   0 0   0 0   0 0   0 0   0 0   0 0   0 0
reflector 6 1.33513e+06 100000   0.700087 0.000744302   302265 1379.47
2 6   267661 1390.39   267661 1390.39   267661 1390.39   0 0   0 0   0 0   0 0   0 0   0 0   0 0   286033 1547.61   286033 1547.61   286033 1547.61   0 0   0 0   0 0   0 0   0 0   0 0   0 0
#--- Sun direction: 102 0 (0.207912 -0.978148 -0)
7 1 1 100000 0
1.33513e+06 0
0 0
0.697567 0.000762904
301227 1383.4
630115 1708.76
0 0
0 0
absorber 2 405000   262202 1373.19   262202 1373.19   262202 1373.19   0 0   0 0   0 0   0 0   0 0   0 0   0 0   0 0   282032 1543.88   282032 1543.88   282032 1543.88   0 0   0 0   0 0   0 0   0 0   0 0   0 0   0 0
reflector 6 1.33513e+06 100000   0.697567 0.000762904   301227 1383.4
2 6   262202 1373.19   262202 1373.19   262202 1373.19   0 0   0 0   0 0   0 0   0 0   0 0   0 0   282032 1543.88   282032 1543.88   282032 1543.88   0 0   0 0   0 0   0 0   0 0   0 0   0 0
#--- Sun direction: 103 0 (0.224951 -0.97437 -0)
7 1 1 100000 0
1.33513e+06 0
0 0
0.694834 0.000782523
300027 1387.61
627667 1712.43
0 0
0 0
absorber 2 405000   256806 1356.05   256806 1356.05   256806 1356.05   0 0   0 0   0 0   0 0   0 0   0 0   0 0   0 0   278559 1541.45   278559 1541.45   278559 1541.45   0 0   0 0   0 0   0 0   0 0   0 0   0 0   0 0
reflector 6 1.33513e+06 100000   0.694834 0.000782523   300027 1387.61
2 6   256806 1356.05   256806 1356.05   256806 1356.05   0 0   0 0   0 0   0 0   0 0   0 0   0 0   278559 1541.45   278559 1541.45   278559 1541.45   0 0   0 0   0 0   0 0   0 0   0 0   0 0
#--- Sun direction: 104 0 (0.241922 -0.970296 -0)
7 1 1 100000 0
1.33513e+06 0
0 0
0.69189 0.000803059
298857 1392.24
624906 1716.51
0 0
0 0
absorber 2 405000   251176 1338.56   251176 1338.56   251176 1338.56   0 0   0 0   0 0   0 0   0 0   0 0   0 0   0 0   274872 1538.4   274872 1538.4   274872 1538.4   0 0   0 0   0 0   0 0   0 0   0 0   0 0   0 0
reflector 6 1.33513e+06 100000   0.69189 0.000803059   298857 1392.24
2 6   251176 1338.56   251176 1338.56   251176 1338.56   0 0   0 0   0 0   0 0   0 0   0 0   0 0   274872 1538.4   274872 1538.4   274872 1538.4   0 0   0 0   0 0   0 0   0 0   0 0   0 0
#--- Sun direction: 105 0 (0.258819 -0.965926 -0)
7 1 1 100000 0
1.33513e+06 0
0 0
0.688736 0.000824421
297551 1397.13
622000 1720.79
0 0
0 0
absorber 2 405000   245493 1321   245493 1321   245493 1321   0 0   0 0   0 0   0 0   0 0   0 0   0 0   0 0   271444 1535.88   271444 1535.88   271444 1535.88   0 0   0 0   0 0   0 0   0 0   0 0   0 0   0 0
reflector 6 1.33513e+06 100000   0.688736 0.000824421   297551 1397.13
2 6   245493 1321   245493 1321   245493 1321   0 0   0 0   0 0   0 0   0 0   0 0   0 0   271444 1535.88   271444 1535.88   271444 1535.88   0 0   0 0   0 0   0 0   0 0   0 0   0 0
#--- Sun direction: 106 0 (0.275637 -0.961262 -0)
7 1 1 100000 0
1.33513e+06 0
0 0
0.685371 0.000846521
296166 1402.35
618893 1725.31
0 0
0 0
absorber 2 405000   239764 1303.35   239764 1303.35   239764 1303.35   0 0   0 0   0 0   0 0   0 0   0 0   0 0   0 0   268212 1533.84   268212 1533.84   268212 1533.84   0 0   0 0   0 0   0 0   0 0   0 0   0 0   0 0
reflector 6 1.33513e+06 100000   0.685371 0.000846521   296166 1402.35
2 6   239764 1303.35   239764 1303.35   239764 1303.35   0 0   0 0   0 0   0 0   0 0   0 0   0 0   268212 1533.84   268212 1533.84   268212 1533.84   0 0   0 0   0 0   0 0   0 0   0 0   0 0
#--- Sun direction: 107 0 (0.292372 -0.956305 -0)
7 1 1 100000 0
1.33513e+06 0
0 0
0.681798 0.000869277
294573 1407.71
615715 1729.97
0 0
0 0
absorber 2 405000   234056 1285.8   234056 1285.8   234056 1285.8   0 0   0 0   0 0   0 0   0 0   0 0   0 0   0 0   265390 1532.79   265390 1532.79   265390 1532.79   0 0   0 0   0 0   0 0   0 0   0 0   0 0   0 0
reflector 6 1.33513e+06 100000   0.681798 0.000869277   294573 1407.71
2 6   234056 1285.8   234056 1285.8   234056 1285.8   0 0   0 0   0 0   0 0   0 0   0 0   0 0   265390 1532.79   265390 1532.79   265390 1532.79   0 0   0 0   0 0   0 0   0 0   0 0   0 0
#--- Sun direction: 108 0 (0.309017 -0.951057 -0)
7 1 1 100000 0
1.33513e+06 0
0 0
0.678017 0.000892611
292866 1413.33
612374 1734.83
0 0
0 0
absorber 2 405000   228286 1268.17   228286 1268.17   228286 1268.17   0 0   0 0   0 0   0 0   0 0   0 0   0 0   0 0   262555 1531.61   262555 1531.61   262555 1531.61   0 0   0 0   0 0   0 0   0 0   0 0   0 0   0 0
reflector 6 1.33513e+06 100000   0.678017 0.000892611   292866 1413.33
2 6   228286 1268.17   228286 1268.17   228286 1268.17   0 0   0 0   0 0   0 0   0 0   0 0   0 0   262555 1531.61   262555 1531.61   262555 1531.61   0 0   0 0   0 0   0 0   0 0   0 0   0 0
#--- Sun direction: 109 0 (0.325568 -0.945519 -0)
7 1 1 100000 0
1.33513e+06 0
0 0
0.674029 0.000916453
291250 1419.58
608666 1739.95
0 0
0 0
absorber 2 405000   222348 1250.24   222348 1250.24   222348 1250.24   0 0   0 0   0 0   0 0   0 0   0 0   0 0   0 0   259587 1530.04   259587 1530.04   259587 1530.04   0 0   0 0   0 0   0 0   0 0   0 0   0 0   0 0
reflector 6 1.33513e+06 100000   0.674029 0.000916453   291250 1419.58
2 6   222348 1250.24   222348 1250.24   222348 1250.24   0 0   0 0   0 0   0 0   0 0   0 0   0 0   259587 1530.04   259587 1530.04   259587 1530.04   0 0   0 0   0 0   0 0   0 0   0 0   0 0
#--- Sun direction: 110 0 (0.34202 -0.939693 -0)
7 1 1 100000 0
1.33513e+06 0
0 0
0.669208 0.000942872
290728 1428.03
602751 1746.47
0 0
0 0
absorber 2 405000   214357 1227.3   214357 1227.3   214357 1227.3   0 0   0 0   0 0   0 0   0 0   0 0   0 0   0 0   258093 1532.44   258093 1532.44   258093 1532.44   0 0   0 0   0 0   0 0   0 0   0 0   0 0   0 0
reflector 6 1.33513e+06 100000   0.669208 0.000942872   290728 1428.03
2 6   214357 1227.3   214357 1227.3   214357 1227.3   0 0   0 0   0 0   0 0   0 0   0 0   0 0   258093 1532.44   258093 1532.44   258093 1532.44   0 0   0 0   0 0   0 0   0 0   0 0   0 0
#--- Sun direction: 111 0 (0.358368 -0.93358 -0)
7 1 1 100000 0
1.33513e+06 0
0 0
0.66544 0.000965399
287634 1432.64
600814 1750.77
0 0
0 0
absorber 2 405000   210326 1214.39   210326 1214.39   210326 1214.39   0 0   0 0   0 0   0 0   0 0   0 0   0 0   0 0   253822 1527.03   253822 1527.03   253822 1527.03   0 0   0 0   0 0   0 0   0 0   0 0   0 0   0 0
reflector 6 1.33513e+06 100000   0.66544 0.000965399   287634 1432.64
2 6   210326 1214.39   210326 1214.39   210326 1214.39   0 0   0 0   0 0   0 0   0 0   0 0   0 0   253822 1527.03   253822 1527.03   253822 1527.03   0 0   0 0   0 0   0 0   0 0   0 0   0 0
#--- Sun direction: 112 0 (0.374607 -0.927184 -0)
7 1 1 100000 0
1.33513e+06 0
0 0
0.66084 0.000990383
285655 1439.6
596651 1756.34
0 0
0 0
absorber 2 405000   204361 1196.75   204361 1196.75   204361 1196.75   0 0   0 0   0 0   0 0   0 0   0 0   0 0   0 0   250372 1523.84   250372 1523.84   250372 1523.84   0 0   0 0   0 0   0 0   0 0   0 0   0 0   0 0
reflector 6 1.33513e+06 100000   0.66084 0.000990383   285655 1439.6
2 6   204361 1196.75   204361 1196.75   204361 1196.75   0 0   0 0   0 0   0 0   0 0   0 0   0 0   250372 1523.84   250372 1523.84   250372 1523.84   0 0   0 0   0 0   0 0   0 0   0 0   0 0
#--- Sun direction: 113 0 (0.390731 -0.920505 -0)
7 1 1 100000 0
1.33513e+06 0
0 0
0.656173 0.00101477
283574 1446.26
592501 1761.91
0 0
0 0
absorber 2 405000   198394 1179.29   198394 1179.29   198394 1179.29   0 0   0 0   0 0   0 0   0 0   0 0   0 0   0 0   247761 1522.79   247761 1522.79   247761 1522.79   0 0   0 0   0 0   0 0   0 0   0 0   0 0   0 0
reflector 6 1.33513e+06 100000   0.656173 0.00101477   283574 1446.26
2 6   198394 1179.29   198394 1179.29   198394 1179.29   0 0   0 0   0 0   0 0   0 0   0 0   0 0   247761 1522.79   247761 1522.79   247761 1522.79   0 0   0 0   0 0   0 0   0 0   0 0   0 0
#--- Sun direction: 114 0 (0.406737 -0.913545 -0)
7 1 1 100000 0
1.33513e+06 0
0 0
0.651763 0.00103657
281912 1452.34
588276 1767.16
0 0
0 0
absorber 2 405000   192340 1161.77   192340 1161.77   192340 1161.77   0 0   0 0   0 0   0 0   0 0   0 0   0 0   0 0   244691 1520.37   244691 1520.37   244691 1520.37   0 0   0 0   0 0   0 0   0 0   0 0   0 0   0 0
reflector 6 1.33513e+06 100000   0.651763 0.00103657   281912 1452.34
2 6   192340 1161.77   192340 1161.77   192340 1161.77   0 0   0 0   0 0   0 0   0 0   0 0   0 0   244691 1520.37   244691 1520.37   244691 1520.37   0 0   0 0   0 0   0 0   0 0   0 0   0 0
#--- Sun direction: 115 0 (0.422618 -0.906308 -0)
7 1 1 100000 0
1.33513e+06 0
0 0
0.647583 0.00105613
280721 1457.95
583887 1772.25
0 0
0 0
absorber 2 405000   186092 1144.08   186092 1144.08   186092 1144.08   0 0   0 0   0 0   0 0   0 0   0 0   0 0   0 0   241991 1518.81   241991 1518.81   241991 1518.81   0 0   0 0   0 0   0 0   0 0   0 0   0 0   0 0
reflector 6 1.33513e+06 100000   0.647583 0.00105613   280721 1457.95
2 6   186092 1144.08   186092 1144.08   186092 1144.08   0 0   0 0   0 0   0 0   0 0   0 0   0 0   241991 1518.81   241991 1518.81   241991 1518.81   0 0   0 0   0 0   0 0   0 0   0 0   0 0
#--- Sun direction: 116 0 (0.438371 -0.898794 -0)
7 1 1 100000 0
1.33513e+06 0
0 0
0.64361 0.00107377
279823 1463.16
579479 1776.92
0 0
0 0
absorber 2 405000   179800 1126.21   179800 1126.21   179800 1126.21   0 0   0 0   0 0   0 0   0 0   0 0   0 0   0 0   239065 1516.47   239065 1516.47   239065 1516.47   0 0   0 0   0 0   0 0   0 0   0 0   0 0   0 0
reflector 6 1.33513e+06 100000   0.64361 0.00107377   279823 1463.16
2 6   179800 1126.21   179800 1126.21   179800 1126.21   0 0   0 0   0 0   0 0   0 0   0 0   0 0   239065 1516.47   239065 1516.47   239065 1516.47   0 0   0 0   0 0   0 0   0 0   0 0   0 0
#--- Sun direction: 117 0 (0.45399 -0.891007 -0)
7 1 1 100000 0
1.33513e+06 0
0 0
0.64004 0.00108844
279379 1467.64
575158 1780.89
0 0
0 0
absorber 2 405000   173600 1108.47   173600 1108.47   173600 1108.47   0 0   0 0   0 0   0 0   0 0   0 0   0 0   0 0   235769 1512.93   235769 1512.93   235769 1512.93   0 0   0 0   0 0   0 0   0 0   0 0   0 0   0 0
reflector 6 1.33513e+06 100000   0.64004 0.00108844   279379 1467.64
2 6   173600 1108.47   173600 1108.47   173600 1108.47   0 0   0 0   0 0   0 0   0 0   0 0   0 0   235769 1512.93   235769 1512.93   235769 1512.93   0 0   0 0   0 0   0 0   0 0   0 0   0 0
#--- Sun direction: 118 0 (0.469472 -0.882948 -0)
7 1 1 100000 0
1.33513e+06 0
0 0
0.63663 0.00110172
279216 1471.96
570767 1784.47
0 0
0 0
absorber 2 405000   167357 1090.5   167357 1090.5   167357 1090.5   0 0   0 0   0 0   0 0   0 0   0 0   0 0   0 0   233089 1510.95   233089 1510.95   233089 1510.95   0 0   0 0   0 0   0 0   0 0   0 0   0 0   0 0
reflector 6 1.33513e+06 100000   0.63663 0.00110172   279216 1471.96
2 6   167357 1090.5   167357 1090.5   167357 1090.5   0 0   0 0   0 0   0 0   0 0   0 0   0 0   233089 1510.95   233089 1510.95   233089 1510.95   0 0   0 0   0 0   0 0   0 0   0 0   0 0
#--- Sun direction: 119 0 (0.48481 -0.87462 -0)
7 1 1 100000 0
1.33513e+06 0
0 0
0.633367 0.00111376
279302 1475.91
566325 1787.85
0 0
0 0
absorber 2 405000   161065 1072.46   161065 1072.46   161065 1072.46   0 0   0 0   0 0   0 0   0 0   0 0   0 0   0 0   230342 1508.61   230342 1508.61   230342 1508.61   0 0   0 0   0 0   0 0   0 0   0 0   0 0   0 0
reflector 6 1.33513e+06 100000   0.633367 0.00111376   279302 1475.91
2 6   161065 1072.46   161065 1072.46   161065 1072.46   0 0   0 0   0 0   0 0   0 0   0 0   0 0   230342 1508.61   230342 1508.61   230342 1508.61   0 0   0 0   0 0   0 0   0 0   0 0   0 0
#--- Sun direction: 120 0 (0.5 -0.866025 -0)
7 1 1 100000 0
1.33513e+06 0
0 0
0.630503 0.0011232
279907 1479.44
561896 1790.44
0 0
0 0
absorber 2 405000   154727 1053.83   154727 1053.83   154727 1053.83   0 0   0 0   0 0   0 0   0 0   0 0   0 0   0 0   227729 1506.47   227729 1506.47   227729 1506.47   0 0   0 0   0 0   0 0   0 0   0 0   0 0   0 0
reflector 6 1.33513e+06 100000   0.630503 0.0011232   279907 1479.44
2 6   154727 1053.83   154727 1053.83   154727 1053.83   0 0   0 0   0 0   0 0   0 0   0 0   0 0   227729 1506.47   227729 1506.47   227729 1506.47   0 0   0 0   0 0   0 0   0 0   0 0   0 0
#--- Sun direction: 121 0 (0.515038 -0.857167 -0)
7 1 1 100000 0
1.33513e+06 0
0 0
0.627799 0.00113148
280738 1482.4
557455 1792.92
0 0
0 0
absorber 2 405000   148314 1035.08   148314 1035.08   148314 1035.08   0 0   0 0   0 0   0 0   0 0   0 0   0 0   0 0   225266 1504.56   225266 1504.56   225266 1504.56   0 0   0 0   0 0   0 0   0 0   0 0   0 0   0 0
reflector 6 1.33513e+06 100000   0.627799 0.00113148   280738 1482.4
2 6   148314 1035.08   148314 1035.08   148314 1035.08   0 0   0 0   0 0   0 0   0 0   0 0   0 0   225266 1504.56   225266 1504.56   225266 1504.56   0 0   0 0   0 0   0 0   0 0   0 0   0 0
#--- Sun direction: 122 0 (0.529919 -0.848048 -0)
7 1 1 100000 0
1.33513e+06 0
0 0
0.62522 0.00113882
281981 1485.27
552769 1795.33
0 0
0 0
absorber 2 405000   141733 1015.78   141733 1015.78   141733 1015.78   0 0   0 0   0 0   0 0   0 0   0 0   0 0   0 0   221856 1499.69   221856 1499.69   221856 1499.69   0 0   0 0   0 0   0 0   0 0   0 0   0 0   0 0
reflector 6 1.33513e+06 100000   0.62522 0.00113882   281981 1485.27
2 6   141733 1015.78   141733 1015.78   141733 1015.78   0 0   0 0   0 0   0 0   0 0   0 0   0 0   221856 1499.69   221856 1499.69   221856 1499.69   0 0   0 0   0 0   0 0   0 0   0 0   0 0
#--- Sun direction: 123 0 (0.544639 -0.838671 -0)
7 1 1 100000 0
1.33513e+06 0
0 0
0.622972 0.00114416
283633 1487.79
548115 1797.03
0 0
0 0
absorber 2 405000   135215 996.253   135215 996.253   135215 996.253   0 0   0 0   0 0   0 0   0 0   0 0   0 0   0 0   218735 1495.43   218735 1495.43   218735 1495.43   0 0   0 0   0 0   0 0   0 0   0 0   0 0   0 0
reflector 6 1.33513e+06 100000   0.622972 0.00114416   283633 1487.79
2 6   135215 996.253   135215 996.253   135215 996.253   0 0   0 0   0 0   0 0   0 0   0 0   0 0   218735 1495.43   218735 1495.43   218735 1495.43   0 0   0 0   0 0   0 0   0 0   0 0   0 0
#--- Sun direction: 124 0 (0.559193 -0.829038 -0)
7 1 1 100000 0
1.33513e+06 0
0 0
0.620868 0.00114854
285608 1490.29
543331 1798.36
0 0
0 0
absorber 2 405000   128568 975.715   128568 975.715   128568 975.715   0 0   0 0   0 0   0 0   0 0   0 0   0 0   0 0   215963 1491.98   215963 1491.98   215963 1491.98   0 0   0 0   0 0   0 0   0 0   0 0   0 0   0 0
reflector 6 1.33513e+06 100000   0.620868 0.00114854   285608 1490.29
2 6   128568 975.715   128568 975.715   128568 975.715   0 0   0 0   0 0   0 0   0 0   0 0   0 0   215963 1491.98   215963 1491.98   215963 1491.98   0 0   0 0   0 0   0 0   0 0   0 0   0 0
#--- Sun direction: 125 0 (0.573576 -0.819152 -0)
7 1 1 100000 0
1.33513e+06 0
0 0
0.61886 0.00115226
287758 1492.91
538500 1799.2
0 0
0 0
absorber 2 405000   121816 953.864   121816 953.864   121816 953.864   0 0   0 0   0 0   0 0   0 0   0 0   0 0   0 0   213139 1488.15   213139 1488.15   213139 1488.15   0 0   0 0   0 0   0 0   0 0   0 0   0 0   0 0
reflector 6 1.33513e+06 100000   0.61886 0.00115226   287758 1492.91
2 6   121816 953.864   121816 953.864   121816 953.864   0 0   0 0   0 0   0 0   0 0   0 0   0 0   213139 1488.15   213139 1488.15   213139 1488.15   0 0   0 0   0 0   0 0   0 0   0 0   0 0
#--- Sun direction: 126 0 (0.587785 -0.809017 -0)
7 1 1 100000 0
1.33513e+06 0
0 0
0.617205 0.00115397
290129 1495.41
533919 1798.78
0 0
0 0
absorber 2 405000   115252 931.027   115252 931.027   115252 931.027   0 0   0 0   0 0   0 0   0 0   0 0   0 0   0 0   210625 1485.03   210625 1485.03   210625 1485.03   0 0   0 0   0 0   0 0   0 0   0 0   0 0   0 0
reflector 6 1.33513e+06 100000   0.617205 0.00115397   290129 1495.41
2 6   115252 931.027   115252 931.027   115252 931.027   0 0   0 0   0 0   0 0   0 0   0 0   0 0   210625 1485.03   210625 1485.03   210625 1485.03   0 0   0 0   0 0   0 0   0 0   0 0   0 0
#--- Sun direction: 127 0 (0.601815 -0.798636 -0)
7 1 1 100000 0
1.33513e+06 0
0 0
0.615676 0.0011549
292814 1498.15
529193 1797.84
0 0
0 0
absorber 2 405000   108657 907.077   108657 907.077   108657 907.077   0 0   0 0   0 0   0 0   0 0   0 0   0 0   0 0   207597 1480.09   207597 1480.09   207597 1480.09   0 0   0 0   0 0   0 0   0 0   0 0   0 0   0 0
reflector 6 1.33513e+06 100000   0.615676 0.0011549   292814 1498.15
2 6   108657 907.077   108657 907.077   108657 907.077   0 0   0 0   0 0   0 0   0 0   0 0   0 0   207597 1480.09   207597 1480.09   207597 1480.09   0 0   0 0   0 0   0 0   0 0   0 0   0 0
#--- Sun direction: 128 0 (0.615661 -0.788011 -0)
7 1 1 100000 0
1.33513e+06 0
0 0
0.614245 0.00115523
295968 1501.18
524128 1796.64
0 0
0 0
absorber 2 405000   101746 880.957   101746 880.957   101746 880.957   0 0   0 0   0 0   0 0   0 0   0 0   0 0   0 0   204907 1475.95   204907 1475.95   204907 1475.95   0 0   0 0   0 0   0 0   0 0   0 0   0 0   0 0
reflector 6 1.33513e+06 100000   0.614245 0.00115523   295968 1501.18
2 6   101746 880.957   101746 880.957   101746 880.957   0 0   0 0   0 0   0 0   0 0   0 0   0 0   204907 1475.95   204907 1475.95   204907 1475.95   0 0   0 0   0 0   0 0   0 0   0 0   0 0
#--- Sun direction: 129 0 (0.62932 -0.777146 -0)
7 1 1 100000 0
1.33513e+06 0
0 0
0.613196 0.00115346
299372 1503.81
519324 1794.32
0 0
0 0
absorber 2 405000   95037 853.907   95037 853.907   95037 853.907   0 0   0 0   0 0   0 0   0 0   0 0   0 0   0 0   202199 1471.52   202199 1471.52   202199 1471.52   0 0   0 0   0 0   0 0   0 0   0 0   0 0   0 0
reflector 6 1.33513e+06 100000   0.613196 0.00115346   299372 1503.81
2 6   95037 853.907   95037 853.907   95037 853.907   0 0   0 0   0 0   0 0   0 0   0 0   0 0   202199 1471.52   202199 1471.52   202199 1471.52   0 0   0 0   0 0   0 0   0 0   0 0   0 0
#--- Sun direction: 130 0 (0.642788 -0.766044 -0)
7 1 1 100000 0
1.33513e+06 0
0 0
0.612218 0.00115124
303024 1506.53
514365 1791.71
0 0
0 0
absorber 2 405000   88185.6 824.986   88185.6 824.986   88185.6 824.986   0 0   0 0   0 0   0 0   0 0   0 0   0 0   0 0   199080 1465.49   199080 1465.49   199080 1465.49   0 0   0 0   0 0   0 0   0 0   0 0   0 0   0 0
reflector 6 1.33513e+06 100000   0.612218 0.00115124   303024 1506.53
2 6   88185.6 824.986   88185.6 824.986   88185.6 824.986   0 0   0 0   0 0   0 0   0 0   0 0   0 0   199080 1465.49   199080 1465.49   199080 1465.49   0 0   0 0   0 0   0 0   0 0   0 0   0 0
#--- Sun direction: 131 0 (0.656059 -0.75471 -0)
7 1 1 100000 0
1.33513e+06 0
0 0
0.611367 0.0011483
307418 1509.37
508836 1789.08
0 0
0 0
absorber 2 405000   80863.7 793.05   80863.7 793.05   80863.7 793.05   0 0   0 0   0 0   0 0   0 0   0 0   0 0   0 0   196197 1459.95   196197 1459.95   196197 1459.95   0 0   0 0   0 0   0 0   0 0   0 0   0 0   0 0
reflector 6 1.33513e+06 100000   0.611367 0.0011483   307418 1509.37
2 6   80863.7 793.05   80863.7 793.05   80863.7 793.05   0 0   0 0   0 0   0 0   0 0   0 0   0 0   196197 1459.95   196197 1459.95   196197 1459.95   0 0   0 0   0 0   0 0   0 0   0 0   0 0
#--- Sun direction: 132 0 (0.669131 -0.743145 -0)
7 1 1 100000 0
1.33513e+06 0
0 0
0.610856 0.00114351
312820 1511.95
502752 1786.14
0 0
0 0
absorber 2 405000   72982.2 756.833   72982.2 756.833   72982.2 756.833   0 0   0 0   0 0   0 0   0 0   0 0   0 0   0 0   193456 1454.59   193456 1454.59   193456 1454.59   0 0   0 0   0 0   0 0   0 0   0 0   0 0   0 0
reflector 6 1.33513e+06 100000   0.610856 0.00114351   312820 1511.95
2 6   72982.2 756.833   72982.2 756.833   72982.2 756.833   0 0   0 0   0 0   0 0   0 0   0 0   0 0   193456 1454.59   193456 1454.59   193456 1454.59   0 0   0 0   0 0   0 0   0 0   0 0   0 0
#--- Sun direction: 133 0 (0.681998 -0.731354 -0)
7 1 1 100000 0
1.33513e+06 0
0 0
0.610417 0.00113828
318171 1514.64
496814 1782.39
0 0
0 0
absorber 2 405000   65317.7 718.519   65317.7 718.519   65317.7 718.519   0 0   0 0   0 0   0 0   0 0   0 0   0 0   0 0   190216 1447.31   190216 1447.31   190216 1447.31   0 0   0 0   0 0   0 0   0 0   0 0   0 0   0 0
reflector 6 1.33513e+06 100000   0.610417 0.00113828   318171 1514.64
2 6   65317.7 718.519   65317.7 718.519   65317.7 718.519   0 0   0 0   0 0   0 0   0 0   0 0   0 0   190216 1447.31   190216 1447.31   190216 1447.31   0 0   0 0   0 0   0 0   0 0   0 0   0 0
#--- Sun direction: 134 0 (0.694658 -0.71934 -0)
7 1 1 100000 0
1.33513e+06 0
0 0
0.610173 0.00113196
324660 1517.13
489999 1778.78
0 0
0 0
absorber 2 405000   56716.2 672.897   56716.2 672.897   56716.2 672.897   0 0   0 0   0 0   0 0   0 0   0 0   0 0   0 0   163118 1358.97   163118 1358.97   163118 1358.97   0 0   0 0   0 0   0 0   0 0   0 0   0 0   0 0
reflector 6 1.33513e+06 100000   0.610173 0.00113196   324660 1517.13
2 6   56716.2 672.897   56716.2 672.897   56716.2 672.897   0 0   0 0   0 0   0 0   0 0   0 0   0 0   163118 1358.97   163118 1358.97   163118 1358.97   0 0   0 0   0 0   0 0   0 0   0 0   0 0
#--- Sun direction: 135 0 (0.707107 -0.707107 -0)
7 1 1 100000 0
1.33513e+06 0
0 0
0.610198 0.00112415
332778 1519.54
481915 1775.12
0 0
0 0
absorber 2 405000   46906.6 616.307   46906.6 616.307   46906.6 616.307   0 0   0 0   0 0   0 0   0 0   0 0   0 0   0 0   90235.8 1044.59   90235.8 1044.59   90235.8 1044.59   0 0   0 0   0 0   0 0   0 0   0 0   0 0   0 0
reflector 6 1.33513e+06 100000   0.610198 0.00112415   332778 1519.54
2 6   46906.6 616.307   46906.6 616.307   46906.6 616.307   0 0   0 0   0 0   0 0   0 0   0 0   0 0   90235.8 1044.59   90235.8 1044.59   90235.8 1044.59   0 0   0 0   0 0   0 0   0 0   0 0   0 0
