#--- Sun direction: 45 0 (-0.707107 -0.707107 -0)
7 1 1 100000 0
1.33513e+06 0
140170 1189.89
0.614366 0.00112221
549210 1726.76
130878 1091.56
0 0
0 0
absorber 2 405000   92756.3 1057.99   92756.3 1057.99   92756.3 1057.99   0 0   0 0   92756.3 1057.99   92756.3 1057.99   92756.3 1057.99   0 0   0 0   0.0694737 0.000792426   47413.5 620.045   47413.5 620.045   47413.5 620.045   0 0   0 0   47413.5 620.045   47413.5 620.045   47413.5 620.045   0 0   0 0   0.0355123 0.000464409
reflector 6 1.33513e+06 100000   0.614366 0.00112221   549210 1726.76
2 6   92756.3 1057.99   92756.3 1057.99   92756.3 1057.99   0 0   0 0   92756.3 1057.99   92756.3 1057.99   92756.3 1057.99   0 0   0 0   47413.5 620.045   47413.5 620.045   47413.5 620.045   0 0   0 0   47413.5 620.045   47413.5 620.045   47413.5 620.045   0 0   0 0
#--- Sun direction: 46 0 (-0.694658 -0.71934 -0)
7 1 1 100000 0
1.33513e+06 0
214047 1434.57
0.611954 0.00113132
535923 1735.42
67067.7 715.579
0 0
0 0
absorber 2 405000   156439 1333.54   156439 1333.54   156439 1333.54   0 0   0 0   156439 1333.54   156439 1333.54   156439 1333.54   0 0   0 0   0.117171 0.000998807   57607.9 678.161   57607.9 678.161   57607.9 678.161   0 0   0 0   57607.9 678.161   57607.9 678.161   57607.9 678.161   0 0   0 0   0.0431478 0.000507937
reflector 6 1.33513e+06 100000   0.611954 0.00113132   535923 1735.42
2 6   156439 1333.54   156439 1333.54   156439 1333.54   0 0   0 0   156439 1333.54   156439 1333.54   156439 1333.54   0 0   0 0   57607.9 678.161   57607.9 678.161   57607.9 678.161   0 0   0 0   57607.9 678.161   57607.9 678.161   57607.9 678.161   0 0   0 0
#--- Sun direction: 47 0 (-0.681998 -0.731354 -0)
7 1 1 100000 0
1.33513e+06 0
258470 1543.49
0.612002 0.00113832
528125 1743.99
30507.1 309.783
0 0
0 0
absorber 2 405000   192479 1454.26   192479 1454.26   192479 1454.26   0 0   0 0   192479 1454.26   192479 1454.26   192479 1454.26   0 0   0 0   0.144165 0.00108923   65990.7 722.168   65990.7 722.168   65990.7 722.168   0 0   0 0   65990.7 722.168   65990.7 722.168   65990.7 722.168   0 0   0 0   0.0494265 0.000540897
reflector 6 1.33513e+06 100000   0.612002 0.00113832   528125 1743.99
2 6   192479 1454.26   192479 1454.26   192479 1454.26   0 0   0 0   192479 1454.26   192479 1454.26   192479 1454.26   0 0   0 0   65990.7 722.168   65990.7 722.168   65990.7 722.168   0 0   0 0   65990.7 722.168   65990.7 722.168   65990.7 722.168   0 0   0 0
#--- Sun direction: 48 0 (-0.669131 -0.743145 -0)
7 1 1 100000 0
1.33513e+06 0
266856 1550.33
0.61268 0.0011426
520710 1751.21
30441.9 339.875
0 0
0 0
absorber 2 405000   192907 1452.29   192907 1452.29   192907 1452.29   0 0   0 0   192907 1452.29   192907 1452.29   192907 1452.29   0 0   0 0   0.144485 0.00108775   73949.1 761.366   73949.1 761.366   73949.1 761.366   0 0   0 0   73949.1 761.366   73949.1 761.366   73949.1 761.366   0 0   0 0   0.0553872 0.000570257
reflector 6 1.33513e+06 100000   0.61268 0.0011426   520710 1751.21
2 6   192907 1452.29   192907 1452.29   192907 1452.29   0 0   0 0   192907 1452.29   192907 1452.29   192907 1452.29   0 0   0 0   73949.1 761.366   73949.1 761.366   73949.1 761.366   0 0   0 0   73949.1 761.366   73949.1 761.366   73949.1 761.366   0 0   0 0
#--- Sun direction: 49 0 (-0.656059 -0.75471 -0)
7 1 1 100000 0
1.33513e+06 0
278371 1566.24
0.613452 0.00114723
514191 1757.56
26476.4 293.868
0 0
0 0
absorber 2 405000   197244 1463.02   197244 1463.02   197244 1463.02   0 0   0 0   197244 1463.02   197244 1463.02   197244 1463.02   0 0   0 0   0.147734 0.00109579   81126.3 795.434   81126.3 795.434   81126.3 795.434   0 0   0 0   81126.3 795.434   81126.3 795.434   81126.3 795.434   0 0   0 0   0.0607629 0.000595773
reflector 6 1.33513e+06 100000   0.613452 0.00114723   514191 1757.56
2 6   197244 1463.02   197244 1463.02   197244 1463.02   0 0   0 0   197244 1463.02   197244 1463.02   197244 1463.02   0 0   0 0   81126.3 795.434   81126.3 795.434   81126.3 795.434   0 0   0 0   81126.3 795.434   81126.3 795.434   81126.3 795.434   0 0   0 0
#--- Sun direction: 50 0 (-0.642788 -0.766044 -0)
7 1 1 100000 0
1.33513e+06 0
287327 1573.82
0.614817 0.00115006
508593 1763.5
24940.9 300.866
0 0
0 0
absorber 2 405000   198584 1463.69   198584 1463.69   198584 1463.69   0 0   0 0   198584 1463.69   198584 1463.69   198584 1463.69   0 0   0 0   0.148738 0.00109629   88742.1 828.838   88742.1 828.838   88742.1 828.838   0 0   0 0   88742.1 828.838   88742.1 828.838   88742.1 828.838   0 0   0 0   0.066467 0.000620792
reflector 6 1.33513e+06 100000   0.614817 0.00115006   508593 1763.5
2 6   198584 1463.69   198584 1463.69   198584 1463.69   0 0   0 0   198584 1463.69   198584 1463.69   198584 1463.69   0 0   0 0   88742.1 828.838   88742.1 828.838   88742.1 828.838   0 0   0 0   88742.1 828.838   88742.1 828.838   88742.1 828.838   0 0   0 0
#--- Sun direction: 51 0 (-0.62932 -0.777146 -0)
7 1 1 100000 0
1.33513e+06 0
298004 1584.83
0.615579 0.00115251
501406 1767.15
22467.2 284.388
0 0
0 0
absorber 2 405000   201710 1469.84   201710 1469.84   201710 1469.84   0 0   0 0   201710 1469.84   201710 1469.84   201710 1469.84   0 0   0 0   0.151079 0.00110089   96294.2 860.087   96294.2 860.087   96294.2 860.087   0 0   0 0   96294.2 860.087   96294.2 860.087   96294.2 860.087   0 0   0 0   0.0721236 0.000644198
reflector 6 1.33513e+06 100000   0.615579 0.00115251   501406 1767.15
2 6   201710 1469.84   201710 1469.84   201710 1469.84   0 0   0 0   201710 1469.84   201710 1469.84   201710 1469.84   0 0   0 0   96294.2 860.087   96294.2 860.087   96294.2 860.087   0 0   0 0   96294.2 860.087   96294.2 860.087   96294.2 860.087   0 0   0 0
#--- Sun direction: 52 0 (-0.615661 -0.788011 -0)
7 1 1 100000 0
1.33513e+06 0
309160 1596.25
0.617364 0.00115313
495491 1771.19
19609.6 253.855
0 0
0 0
absorber 2 405000   205813 1478.41   205813 1478.41   205813 1478.41   0 0   0 0   205813 1478.41   205813 1478.41   205813 1478.41   0 0   0 0   0.154152 0.00110731   103347 887.546   103347 887.546   103347 887.546   0 0   0 0   103347 887.546   103347 887.546   103347 887.546   0 0   0 0   0.0774061 0.000664764
reflector 6 1.33513e+06 100000   0.617364 0.00115313   495491 1771.19
2 6   205813 1478.41   205813 1478.41   205813 1478.41   0 0   0 0   205813 1478.41   205813 1478.41   205813 1478.41   0 0   0 0   103347 887.546   103347 887.546   103347 887.546   0 0   0 0   103347 887.546   103347 887.546   103347 887.546   0 0   0 0
#--- Sun direction: 53 0 (-0.601815 -0.798636 -0)
7 1 1 100000 0
1.33513e+06 0
318260 1602.69
0.619087 0.00115376
489239 1774.43
19062.6 278.644
0 0
0 0
absorber 2 405000   208189 1481.15   208189 1481.15   208189 1481.15   0 0   0 0   208189 1481.15   208189 1481.15   208189 1481.15   0 0   0 0   0.155932 0.00110937   110070 912.768   110070 912.768   110070 912.768   0 0   0 0   110070 912.768   110070 912.768   110070 912.768   0 0   0 0   0.0824416 0.000683655
reflector 6 1.33513e+06 100000   0.619087 0.00115376   489239 1774.43
2 6   208189 1481.15   208189 1481.15   208189 1481.15   0 0   0 0   208189 1481.15   208189 1481.15   208189 1481.15   0 0   0 0   110070 912.768   110070 912.768   110070 912.768   0 0   0 0   110070 912.768   110070 912.768   110070 912.768   0 0   0 0
#--- Sun direction: 54 0 (-0.587785 -0.809017 -0)
7 1 1 100000 0
1.33513e+06 0
329552 1613.35
0.619701 0.00115385
483131 1775.68
14699.1 201.441
0 0
0 0
absorber 2 405000   212471 1489.97   212471 1489.97   212471 1489.97   0 0   0 0   212471 1489.97   212471 1489.97   212471 1489.97   0 0   0 0   0.159139 0.00111597   117080 938.314   117080 938.314   117080 938.314   0 0   0 0   117080 938.314   117080 938.314   117080 938.314   0 0   0 0   0.0876922 0.000702789
reflector 6 1.33513e+06 100000   0.619701 0.00115385   483131 1775.68
2 6   212471 1489.97   212471 1489.97   212471 1489.97   0 0   0 0   212471 1489.97   212471 1489.97   212471 1489.97   0 0   0 0   117080 938.314   117080 938.314   117080 938.314   0 0   0 0   117080 938.314   117080 938.314   117080 938.314   0 0   0 0
#--- Sun direction: 55 0 (-0.573576 -0.819152 -0)
7 1 1 100000 0
1.33513e+06 0
335403 1612.31
0.62074 0.00115243
477565 1776.05
15800.2 271.925
0 0
0 0
absorber 2 405000   211896 1483.56   211896 1483.56   211896 1483.56   0 0   0 0   211896 1483.56   211896 1483.56   211896 1483.56   0 0   0 0   0.158709 0.00111117   123507 960.219   123507 960.219   123507 960.219   0 0   0 0   123507 960.219   123507 960.219   123507 960.219   0 0   0 0   0.0925056 0.000719196
reflector 6 1.33513e+06 100000   0.62074 0.00115243   477565 1776.05
2 6   211896 1483.56   211896 1483.56   211896 1483.56   0 0   0 0   211896 1483.56   211896 1483.56   211896 1483.56   0 0   0 0   123507 960.219   123507 960.219   123507 960.219   0 0   0 0   123507 960.219   123507 960.219   123507 960.219   0 0   0 0
#--- Sun direction: 56 0 (-0.559193 -0.829038 -0)
7 1 1 100000 0
1.33513e+06 0
348568 1624.82
0.62251 0.00114952
472272 1776.93
10291 138.861
0 0
0 0
absorber 2 405000   217964 1497.45   217964 1497.45   217964 1497.45   0 0   0 0   217964 1497.45   217964 1497.45   217964 1497.45   0 0   0 0   0.163253 0.00112158   130605 983.374   130605 983.374   130605 983.374   0 0   0 0   130605 983.374   130605 983.374   130605 983.374   0 0   0 0   0.0978218 0.000736539
reflector 6 1.33513e+06 100000   0.62251 0.00114952   472272 1776.93
2 6   217964 1497.45   217964 1497.45   217964 1497.45   0 0   0 0   217964 1497.45   217964 1497.45   217964 1497.45   0 0   0 0   130605 983.374   130605 983.374   130605 983.374   0 0   0 0   130605 983.374   130605 983.374   130605 983.374   0 0   0 0
#--- Sun direction: 57 0 (-0.544639 -0.838671 -0)
7 1 1 100000 0
1.33513e+06 0
353002 1619.61
0.624843 0.00114486
468270 1777.85
12973.8 267.584
0 0
0 0
absorber 2 405000   215436 1485.41   215436 1485.41   215436 1485.41   0 0   0 0   215436 1485.41   215436 1485.41   215436 1485.41   0 0   0 0   0.16136 0.00111256   137566 1004.71   137566 1004.71   137566 1004.71   0 0   0 0   137566 1004.71   137566 1004.71   137566 1004.71   0 0   0 0   0.103035 0.000752517
reflector 6 1.33513e+06 100000   0.624843 0.00114486   468270 1777.85
2 6   215436 1485.41   215436 1485.41   215436 1485.41   0 0   0 0   215436 1485.41   215436 1485.41   215436 1485.41   0 0   0 0   137566 1004.71   137566 1004.71   137566 1004.71   0 0   0 0   137566 1004.71   137566 1004.71   137566 1004.71   0 0   0 0
#--- Sun direction: 58 0 (-0.529919 -0.848048 -0)
7 1 1 100000 0
1.33513e+06 0
365837 1630.91
0.626849 0.00113946
463371 1775.74
7716.88 140.06
0 0
0 0
absorber 2 405000   222295 1500.7   222295 1500.7   222295 1500.7   0 0   0 0   222295 1500.7   222295 1500.7   222295 1500.7   0 0   0 0   0.166497 0.00112401   143542 1022.73   143542 1022.73   143542 1022.73   0 0   0 0   143542 1022.73   143542 1022.73   143542 1022.73   0 0   0 0   0.107512 0.000766013
reflector 6 1.33513e+06 100000   0.626849 0.00113946   463371 1775.74
2 6   222295 1500.7   222295 1500.7   222295 1500.7   0 0   0 0   222295 1500.7   222295 1500.7   222295 1500.7   0 0   0 0   143542 1022.73   143542 1022.73   143542 1022.73   0 0   0 0   143542 1022.73   143542 1022.73   143542 1022.73   0 0   0 0
#--- Sun direction: 59 0 (-0.515038 -0.857167 -0)
7 1 1 100000 0
1.33513e+06 0
373080 1631.43
0.629644 0.00113215
458476 1772.84
9100.01 229.364
0 0
0 0
absorber 2 405000   223577 1498.74   223577 1498.74   223577 1498.74   0 0   0 0   223577 1498.74   223577 1498.74   223577 1498.74   0 0   0 0   0.167457 0.00112254   149503 1041.08   149503 1041.08   149503 1041.08   0 0   0 0   149503 1041.08   149503 1041.08   149503 1041.08   0 0   0 0   0.111977 0.000779763
reflector 6 1.33513e+06 100000   0.629644 0.00113215   458476 1772.84
2 6   223577 1498.74   223577 1498.74   223577 1498.74   0 0   0 0   223577 1498.74   223577 1498.74   223577 1498.74   0 0   0 0   149503 1041.08   149503 1041.08   149503 1041.08   0 0   0 0   149503 1041.08   149503 1041.08   149503 1041.08   0 0   0 0
#--- Sun direction: 60 0 (-0.5 -0.866025 -0)
7 1 1 100000 0
1.33513e+06 0
384073 1637.97
0.632193 0.00112352
453950 1769.07
6035.58 160.489
0 0
0 0
absorber 2 405000   228031 1506.61   228031 1506.61   228031 1506.61   0 0   0 0   228031 1506.61   228031 1506.61   228031 1506.61   0 0   0 0   0.170793 0.00112844   156043 1060.52   156043 1060.52   156043 1060.52   0 0   0 0   156043 1060.52   156043 1060.52   156043 1060.52   0 0   0 0   0.116875 0.000794322
reflector 6 1.33513e+06 100000   0.632193 0.00112352   453950 1769.07
2 6   228031 1506.61   228031 1506.61   228031 1506.61   0 0   0 0   228031 1506.61   228031 1506.61   228031 1506.61   0 0   0 0   156043 1060.52   156043 1060.52   156043 1060.52   0 0   0 0   156043 1060.52   156043 1060.52   156043 1060.52   0 0   0 0
#--- Sun direction: 61 0 (-0.48481 -0.87462 -0)
7 1 1 100000 0
1.33513e+06 0
390667 1636.48
0.63507 0.00111323
451320 1766.45
5913.23 191.304
0 0
0 0
absorber 2 405000   228330 1502.43   228330 1502.43   228330 1502.43   0 0   0 0   228330 1502.43   228330 1502.43   228330 1502.43   0 0   0 0   0.171018 0.00112531   162337 1078.01   162337 1078.01   162337 1078.01   0 0   0 0   162337 1078.01   162337 1078.01   162337 1078.01   0 0   0 0   0.121589 0.000807418
reflector 6 1.33513e+06 100000   0.63507 0.00111323   451320 1766.45
2 6   228330 1502.43   228330 1502.43   228330 1502.43   0 0   0 0   228330 1502.43   228330 1502.43   228330 1502.43   0 0   0 0   162337 1078.01   162337 1078.01   162337 1078.01   0 0   0 0   162337 1078.01   162337 1078.01   162337 1078.01   0 0   0 0
#--- Sun direction: 62 0 (-0.469472 -0.882948 -0)
7 1 1 100000 0
1.33513e+06 0
399661 1638.57
0.637517 0.0011029
446805 1761.52
4701.85 177.336
0 0
0 0
absorber 2 405000   231332 1505.58   231332 1505.58   231332 1505.58   0 0   0 0   231332 1505.58   231332 1505.58   231332 1505.58   0 0   0 0   0.173266 0.00112767   168329 1094.04   168329 1094.04   168329 1094.04   0 0   0 0   168329 1094.04   168329 1094.04   168329 1094.04   0 0   0 0   0.126077 0.000819428
reflector 6 1.33513e+06 100000   0.637517 0.0011029   446805 1761.52
2 6   231332 1505.58   231332 1505.58   231332 1505.58   0 0   0 0   231332 1505.58   231332 1505.58   231332 1505.58   0 0   0 0   168329 1094.04   168329 1094.04   168329 1094.04   0 0   0 0   168329 1094.04   168329 1094.04   168329 1094.04   0 0   0 0
#--- Sun direction: 63 0 (-0.45399 -0.891007 -0)
7 1 1 100000 0
1.33513e+06 0
408544 1640.76
0.641073 0.00108942
443432 1755.9
3939.26 175.219
0 0
0 0
absorber 2 405000   233894 1507.65   233894 1507.65   233894 1507.65   0 0   0 0   233894 1507.65   233894 1507.65   233894 1507.65   0 0   0 0   0.175184 0.00112922   174650 1111.78   174650 1111.78   174650 1111.78   0 0   0 0   174650 1111.78   174650 1111.78   174650 1111.78   0 0   0 0   0.130812 0.000832716
reflector 6 1.33513e+06 100000   0.641073 0.00108942   443432 1755.9
2 6   233894 1507.65   233894 1507.65   233894 1507.65   0 0   0 0   233894 1507.65   233894 1507.65   233894 1507.65   0 0   0 0   174650 1111.78   174650 1111.78   174650 1111.78   0 0   0 0   174650 1111.78   174650 1111.78   174650 1111.78   0 0   0 0
#--- Sun direction: 64 0 (-0.438371 -0.898794 -0)
7 1 1 100000 0
1.33513e+06 0
416872 1641.02
0.645157 0.0010732
439461 1748.44
5033.65 230.862
0 0
0 0
absorber 2 405000   235296 1505.84   235296 1505.84   235296 1505.84   0 0   0 0   235296 1505.84   235296 1505.84   235296 1505.84   0 0   0 0   0.176235 0.00112786   181576 1131.31   181576 1131.31   181576 1131.31   0 0   0 0   181576 1131.31   181576 1131.31   181576 1131.31   0 0   0 0   0.135999 0.000847344
reflector 6 1.33513e+06 100000   0.645157 0.0010732   439461 1748.44
2 6   235296 1505.84   235296 1505.84   235296 1505.84   0 0   0 0   235296 1505.84   235296 1505.84   235296 1505.84   0 0   0 0   181576 1131.31   181576 1131.31   181576 1131.31   0 0   0 0   181576 1131.31   181576 1131.31   181576 1131.31   0 0   0 0
#--- Sun direction: 65 0 (-0.422618 -0.906308 -0)
7 1 1 100000 0
1.33513e+06 0
431230 1649.81
0.649672 0.00105475
434535 1738.64
1631.54 119.539
0 0
0 0
absorber 2 405000   242918 1521.21   242918 1521.21   242918 1521.21   0 0   0 0   242918 1521.21   242918 1521.21   242918 1521.21   0 0   0 0   0.181944 0.00113938   188312 1150.08   188312 1150.08   188312 1150.08   0 0   0 0   188312 1150.08   188312 1150.08   188312 1150.08   0 0   0 0   0.141044 0.000861397
reflector 6 1.33513e+06 100000   0.649672 0.00105475   434535 1738.64
2 6   242918 1521.21   242918 1521.21   242918 1521.21   0 0   0 0   242918 1521.21   242918 1521.21   242918 1521.21   0 0   0 0   188312 1150.08   188312 1150.08   188312 1150.08   0 0   0 0   188312 1150.08   188312 1150.08   188312 1150.08   0 0   0 0
#--- Sun direction: 66 0 (-0.406737 -0.913545 -0)
7 1 1 100000 0
1.33513e+06 0
435974 1645.73
0.653364 0.00103548
431434 1728.44
4916.77 250.123
0 0
0 0
absorber 2 405000   241540 1511.52   241540 1511.52   241540 1511.52   0 0   0 0   241540 1511.52   241540 1511.52   241540 1511.52   0 0   0 0   0.180911 0.00113212   194433 1167.47   194433 1167.47   194433 1167.47   0 0   0 0   194433 1167.47   194433 1167.47   194433 1167.47   0 0   0 0   0.145629 0.000874427
reflector 6 1.33513e+06 100000   0.653364 0.00103548   431434 1728.44
2 6   241540 1511.52   241540 1511.52   241540 1511.52   0 0   0 0   241540 1511.52   241540 1511.52   241540 1511.52   0 0   0 0   194433 1167.47   194433 1167.47   194433 1167.47   0 0   0 0   194433 1167.47   194433 1167.47   194433 1167.47   0 0   0 0
#--- Sun direction: 67 0 (-0.390731 -0.920505 -0)
7 1 1 100000 0
1.33513e+06 0
449090 1652.91
0.657683 0.00101342
428789 1717.89
212.4 49.954
0 0
0 0
absorber 2 405000   248839 1525.46   248839 1525.46   248839 1525.46   0 0   0 0   248839 1525.46   248839 1525.46   248839 1525.46   0 0   0 0   0.186378 0.00114256   200252 1183.93   200252 1183.93   200252 1183.93   0 0   0 0   200252 1183.93   200252 1183.93   200252 1183.93   0 0   0 0   0.149987 0.000886755
reflector 6 1.33513e+06 100000   0.657683 0.00101342   428789 1717.89
2 6   248839 1525.46   248839 1525.46   248839 1525.46   0 0   0 0   248839 1525.46   248839 1525.46   248839 1525.46   0 0   0 0   200252 1183.93   200252 1183.93   200252 1183.93   0 0   0 0   200252 1183.93   200252 1183.93   200252 1183.93   0 0   0 0
#--- Sun direction: 68 0 (-0.374607 -0.927184 -0)
7 1 1 100000 0
1.33513e+06 0
452461 1648.16
0.663051 0.000987858
427511 1707.19
5287.11 265.161
0 0
0 0
absorber 2 405000   246306 1512.38   246306 1512.38   246306 1512.38   0 0   0 0   246306 1512.38   246306 1512.38   246306 1512.38   0 0   0 0   0.184481 0.00113276   206155 1201.95   206155 1201.95   206155 1201.95   0 0   0 0   206155 1201.95   206155 1201.95   206155 1201.95   0 0   0 0   0.154408 0.000900249
reflector 6 1.33513e+06 100000   0.663051 0.000987858   427511 1707.19
2 6   246306 1512.38   246306 1512.38   246306 1512.38   0 0   0 0   246306 1512.38   246306 1512.38   246306 1512.38   0 0   0 0   206155 1201.95   206155 1201.95   206155 1201.95   0 0   0 0   206155 1201.95   206155 1201.95   206155 1201.95   0 0   0 0
#--- Sun direction: 69 0 (-0.358368 -0.93358 -0)
7 1 1 100000 0
1.33513e+06 0
466039 1656.05
0.667896 0.000962524
424941 1695.02
747.569 99.8702
0 0
0 0
absorber 2 405000   253797 1526.88   253797 1526.88   253797 1526.88   0 0   0 0   253797 1526.88   253797 1526.88   253797 1526.88   0 0   0 0   0.190092 0.00114362   212242 1220.03   212242 1220.03   212242 1220.03   0 0   0 0   212242 1220.03   212242 1220.03   212242 1220.03   0 0   0 0   0.158968 0.000913795
reflector 6 1.33513e+06 100000   0.667896 0.000962524   424941 1695.02
2 6   253797 1526.88   253797 1526.88   253797 1526.88   0 0   0 0   253797 1526.88   253797 1526.88   253797 1526.88   0 0   0 0   212242 1220.03   212242 1220.03   212242 1220.03   0 0   0 0   212242 1220.03   212242 1220.03   212242 1220.03   0 0   0 0
#--- Sun direction: 70 0 (-0.34202 -0.939693 -0)
7 1 1 100000 0
1.33513e+06 0
471471 1653.15
0.672179 0.000937978
421635 1682.54
4339.13 240.3
0 0
0 0
absorber 2 405000   252908 1518   252908 1518   252908 1518   0 0   0 0   252908 1518   252908 1518   252908 1518   0 0   0 0   0.189426 0.00113697   218562 1238.59   218562 1238.59   218562 1238.59   0 0   0 0   218562 1238.59   218562 1238.59   218562 1238.59   0 0   0 0   0.163701 0.000927696
reflector 6 1.33513e+06 100000   0.672179 0.000937978   421635 1682.54
2 6   252908 1518   252908 1518   252908 1518   0 0   0 0   252908 1518   252908 1518   252908 1518   0 0   0 0   218562 1238.59   218562 1238.59   218562 1238.59   0 0   0 0   218562 1238.59   218562 1238.59   218562 1238.59   0 0   0 0
#--- Sun direction: 71 0 (-0.325568 -0.945519 -0)
7 1 1 100000 0
1.33513e+06 0
483922 1658.01
0.675928 0.00091431
416633 1668.05
1895.72 158.972
0 0
0 0
absorber 2 405000   258828 1527.32   258828 1527.32   258828 1527.32   0 0   0 0   258828 1527.32   258828 1527.32   258828 1527.32   0 0   0 0   0.19386 0.00114395   225094 1257.57   225094 1257.57   225094 1257.57   0 0   0 0   225094 1257.57   225094 1257.57   225094 1257.57   0 0   0 0   0.168593 0.000941909
reflector 6 1.33513e+06 100000   0.675928 0.00091431   416633 1668.05
2 6   258828 1527.32   258828 1527.32   258828 1527.32   0 0   0 0   258828 1527.32   258828 1527.32   258828 1527.32   0 0   0 0   225094 1257.57   225094 1257.57   225094 1257.57   0 0   0 0   225094 1257.57   225094 1257.57   225094 1257.57   0 0   0 0
#--- Sun direction: 72 0 (-0.309017 -0.951057 -0)
7 1 1 100000 0
1.33513e+06 0
490815 1657.6
0.679618 0.000891384
412744 1654.84
3818.36 225.461
0 0
0 0
absorber 2 405000   259734 1523.57   259734 1523.57   259734 1523.57   0 0   0 0   259734 1523.57   259734 1523.57   259734 1523.57   0 0   0 0   0.194539 0.00114114   231081 1275.45   231081 1275.45   231081 1275.45   0 0   0 0   231081 1275.45   231081 1275.45   231081 1275.45   0 0   0 0   0.173078 0.000955299
reflector 6 1.33513e+06 100000   0.679618 0.000891384   412744 1654.84
2 6   259734 1523.57   259734 1523.57   259734 1523.57   0 0   0 0   259734 1523.57   259734 1523.57   259734 1523.57   0 0   0 0   231081 1275.45   231081 1275.45   231081 1275.45   0 0   0 0   231081 1275.45   231081 1275.45   231081 1275.45   0 0   0 0
#--- Sun direction: 73 0 (-0.292372 -0.956305 -0)
7 1 1 100000 0
1.33513e+06 0
499789 1659.63
0.683278 0.000868094
409470 1642.12
3003.9 200.034
0 0
0 0
absorber 2 405000   262504 1524.9   262504 1524.9   262504 1524.9   0 0   0 0   262504 1524.9   262504 1524.9   262504 1524.9   0 0   0 0   0.196613 0.00114213   237285 1294.15   237285 1294.15   237285 1294.15   0 0   0 0   237285 1294.15   237285 1294.15   237285 1294.15   0 0   0 0   0.177725 0.000969309
reflector 6 1.33513e+06 100000   0.683278 0.000868094   409470 1642.12
2 6   262504 1524.9   262504 1524.9   262504 1524.9   0 0   0 0   262504 1524.9   262504 1524.9   262504 1524.9   0 0   0 0   237285 1294.15   237285 1294.15   237285 1294.15   0 0   0 0   237285 1294.15   237285 1294.15   237285 1294.15   0 0   0 0
#--- Sun direction: 74 0 (-0.275637 -0.961262 -0)
7 1 1 100000 0
1.33513e+06 0
508588 1661.6
0.686923 0.000845366
405872 1629.32
2670.09 188.615
0 0
0 0
absorber 2 405000   265459 1526.36   265459 1526.36   265459 1526.36   0 0   0 0   265459 1526.36   265459 1526.36   265459 1526.36   0 0   0 0   0.198826 0.00114323   243130 1312.23   243130 1312.23   243130 1312.23   0 0   0 0   243130 1312.23   243130 1312.23   243130 1312.23   0 0   0 0   0.182102 0.000982851
reflector 6 1.33513e+06 100000   0.686923 0.000845366   405872 1629.32
2 6   265459 1526.36   265459 1526.36   265459 1526.36   0 0   0 0   265459 1526.36   265459 1526.36   265459 1526.36   0 0   0 0   243130 1312.23   243130 1312.23   243130 1312.23   0 0   0 0   243130 1312.23   243130 1312.23   243130 1312.23   0 0   0 0
#--- Sun direction: 75 0 (-0.258819 -0.965926 -0)
7 1 1 100000 0
1.33513e+06 0
515717 1661.89
0.690106 0.000823739
401390 1615.32
4272.33 238.448
0 0
0 0
absorber 2 405000   266754 1523.6   266754 1523.6   266754 1523.6   0 0   0 0   266754 1523.6   266754 1523.6   266754 1523.6   0 0   0 0   0.199797 0.00114116   248963 1329.95   248963 1329.95   248963 1329.95   0 0   0 0   248963 1329.95   248963 1329.95   248963 1329.95   0 0   0 0   0.186471 0.000996121
reflector 6 1.33513e+06 100000   0.690106 0.000823739   401390 1615.32
2 6   266754 1523.6   266754 1523.6   266754 1523.6   0 0   0 0   266754 1523.6   266754 1523.6   266754 1523.6   0 0   0 0   248963 1329.95   248963 1329.95   248963 1329.95   0 0   0 0   248963 1329.95   248963 1329.95   248963 1329.95   0 0   0 0
#--- Sun direction: 76 0 (-0.241922 -0.970296 -0)
7 1 1 100000 0
1.33513e+06 0
527209 1666.23
0.693408 0.000802736
396603 1601.36
1975.78 162.288
0 0
0 0
absorber 2 405000   272540 1532.02   272540 1532.02   272540 1532.02   0 0   0 0   272540 1532.02   272540 1532.02   272540 1532.02   0 0   0 0   0.20413 0.00114747   254669 1348.11   254669 1348.11   254669 1348.11   0 0   0 0   254669 1348.11   254669 1348.11   254669 1348.11   0 0   0 0   0.190745 0.00100972
reflector 6 1.33513e+06 100000   0.693408 0.000802736   396603 1601.36
2 6   272540 1532.02   272540 1532.02   272540 1532.02   0 0   0 0   272540 1532.02   272540 1532.02   272540 1532.02   0 0   0 0   254669 1348.11   254669 1348.11   254669 1348.11   0 0   0 0   254669 1348.11   254669 1348.11   254669 1348.11   0 0   0 0
#--- Sun direction: 77 0 (-0.224951 -0.97437 -0)
7 1 1 100000 0
1.33513e+06 0
532298 1664.98
0.696463 0.000782105
391215 1586.19
6355.19 290.595
0 0
0 0
absorber 2 405000   271754 1523.82   271754 1523.82   271754 1523.82   0 0   0 0   271754 1523.82   271754 1523.82   271754 1523.82   0 0   0 0   0.203541 0.00114133   260544 1366.09   260544 1366.09   260544 1366.09   0 0   0 0   260544 1366.09   260544 1366.09   260544 1366.09   0 0   0 0   0.195145 0.00102319
reflector 6 1.33513e+06 100000   0.696463 0.000782105   391215 1586.19
2 6   271754 1523.82   271754 1523.82   271754 1523.82   0 0   0 0   271754 1523.82   271754 1523.82   271754 1523.82   0 0   0 0   260544 1366.09   260544 1366.09   260544 1366.09   0 0   0 0   260544 1366.09   260544 1366.09   260544 1366.09   0 0   0 0
#--- Sun direction: 78 0 (-0.207912 -0.978148 -0)
7 1 1 100000 0
1.33513e+06 0
547604 1672.5
0.699194 0.000763242
385309 1569.8
600.712 89.5287
0 0
0 0
absorber 2 405000   281482 1543.27   281482 1543.27   281482 1543.27   0 0   0 0   281482 1543.27   281482 1543.27   281482 1543.27   0 0   0 0   0.210828 0.0011559   266122 1383.38   266122 1383.38   266122 1383.38   0 0   0 0   266122 1383.38   266122 1383.38   266122 1383.38   0 0   0 0   0.199323 0.00103614
reflector 6 1.33513e+06 100000   0.699194 0.000763242   385309 1569.8
2 6   281482 1543.27   281482 1543.27   281482 1543.27   0 0   0 0   281482 1543.27   281482 1543.27   281482 1543.27   0 0   0 0   266122 1383.38   266122 1383.38   266122 1383.38   0 0   0 0   266122 1383.38   266122 1383.38   266122 1383.38   0 0   0 0
#--- Sun direction: 79 0 (-0.190809 -0.981627 -0)
7 1 1 100000 0
1.33513e+06 0
549748 1669.41
0.701581 0.000744644
379168 1552.97
7783.8 321.431
0 0
0 0
absorber 2 405000   278136 1528.47   278136 1528.47   278136 1528.47   0 0   0 0   278136 1528.47   278136 1528.47   278136 1528.47   0 0   0 0   0.208321 0.00114481   271612 1400.58   271612 1400.58   271612 1400.58   0 0   0 0   271612 1400.58   271612 1400.58   271612 1400.58   0 0   0 0   0.203435 0.00104902
reflector 6 1.33513e+06 100000   0.701581 0.000744644   379168 1552.97
2 6   278136 1528.47   278136 1528.47   278136 1528.47   0 0   0 0   278136 1528.47   278136 1528.47   278136 1528.47   0 0   0 0   271612 1400.58   271612 1400.58   271612 1400.58   0 0   0 0   271612 1400.58   271612 1400.58   271612 1400.58   0 0   0 0
#--- Sun direction: 80 0 (-0.173648 -0.984808 -0)
7 1 1 100000 0
1.33513e+06 0
565501 1675.56
0.703569 0.000727278
372853 1535.5
1001.2 115.565
0 0
0 0
absorber 2 405000   289929 1550.52   289929 1550.52   289929 1550.52   0 0   0 0   289929 1550.52   289929 1550.52   289929 1550.52   0 0   0 0   0.217154 0.00116133   275572 1414.68   275572 1414.68   275572 1414.68   0 0   0 0   275572 1414.68   275572 1414.68   275572 1414.68   0 0   0 0   0.206401 0.00105958
reflector 6 1.33513e+06 100000   0.703569 0.000727278   372853 1535.5
2 6   289929 1550.52   289929 1550.52   289929 1550.52   0 0   0 0   289929 1550.52   289929 1550.52   289929 1550.52   0 0   0 0   275572 1414.68   275572 1414.68   275572 1414.68   0 0   0 0   275572 1414.68   275572 1414.68   275572 1414.68   0 0   0 0
#--- Sun direction: 81 0 (-0.156434 -0.987688 -0)
7 1 1 100000 0
1.33513e+06 0
569350 1674.56
0.705762 0.000711051
367353 1520.04
5580.8 272.395
0 0
0 0
absorber 2 405000   288404 1540.65   288404 1540.65   288404 1540.65   0 0   0 0   288404 1540.65   288404 1540.65   288404 1540.65   0 0   0 0   0.216012 0.00115393   280947 1432.15   280947 1432.15   280947 1432.15   0 0   0 0   280947 1432.15   280947 1432.15   280947 1432.15   0 0   0 0   0.210427 0.00107267
reflector 6 1.33513e+06 100000   0.705762 0.000711051   367353 1520.04
2 6   288404 1540.65   288404 1540.65   288404 1540.65   0 0   0 0   288404 1540.65   288404 1540.65   288404 1540.65   0 0   0 0   280947 1432.15   280947 1432.15   280947 1432.15   0 0   0 0   280947 1432.15   280947 1432.15   280947 1432.15   0 0   0 0
#--- Sun direction: 82 0 (-0.139173 -0.990268 -0)
7 1 1 100000 0
1.33513e+06 0
582013 1678.49
0.70755 0.000696332
360508 1501.76
2149.36 169.257
0 0
0 0
absorber 2 405000   295486 1552.07   295486 1552.07   295486 1552.07   0 0   0 0   295486 1552.07   295486 1552.07   295486 1552.07   0 0   0 0   0.221316 0.00116249   286528 1449.73   286528 1449.73   286528 1449.73   0 0   0 0   286528 1449.73   286528 1449.73   286528 1449.73   0 0   0 0   0.214607 0.00108584
reflector 6 1.33513e+06 100000   0.70755 0.000696332   360508 1501.76
2 6   295486 1552.07   295486 1552.07   295486 1552.07   0 0   0 0   295486 1552.07   295486 1552.07   295486 1552.07   0 0   0 0   286528 1449.73   286528 1449.73   286528 1449.73   0 0   0 0   286528 1449.73   286528 1449.73   286528 1449.73   0 0   0 0
#--- Sun direction: 83 0 (-0.121869 -0.992546 -0)
7 1 1 100000 0
1.33513e+06 0
587585 1679.21
0.709112 0.000683453
354231 1484.28
4939.85 256.335
0 0
0 0
absorber 2 405000   296151 1548.3   296151 1548.3   296151 1548.3   0 0   0 0   296151 1548.3   296151 1548.3   296151 1548.3   0 0   0 0   0.221815 0.00115966   291434 1465.84   291434 1465.84   291434 1465.84   0 0   0 0   291434 1465.84   291434 1465.84   291434 1465.84   0 0   0 0   0.218281 0.0010979
reflector 6 1.33513e+06 100000   0.709112 0.000683453   354231 1484.28
2 6   296151 1548.3   296151 1548.3   296151 1548.3   0 0   0 0   296151 1548.3   296151 1548.3   296151 1548.3   0 0   0 0   291434 1465.84   291434 1465.84   291434 1465.84   0 0   0 0   291434 1465.84   291434 1465.84   291434 1465.84   0 0   0 0
#--- Sun direction: 84 0 (-0.104528 -0.994522 -0)
7 1 1 100000 0
1.33513e+06 0
597316 1681.45
0.710447 0.00067173
347592 1466.21
3631.36 219.884
0 0
0 0
absorber 2 405000   300669 1553.56   300669 1553.56   300669 1553.56   0 0   0 0   300669 1553.56   300669 1553.56   300669 1553.56   0 0   0 0   0.225198 0.00116361   296647 1482.42   296647 1482.42   296647 1482.42   0 0   0 0   296647 1482.42   296647 1482.42   296647 1482.42   0 0   0 0   0.222186 0.00111032
reflector 6 1.33513e+06 100000   0.710447 0.00067173   347592 1466.21
2 6   300669 1553.56   300669 1553.56   300669 1553.56   0 0   0 0   300669 1553.56   300669 1553.56   300669 1553.56   0 0   0 0   296647 1482.42   296647 1482.42   296647 1482.42   0 0   0 0   296647 1482.42   296647 1482.42   296647 1482.42   0 0   0 0
#--- Sun direction: 85 0 (-0.0871557 -0.996195 -0)
7 1 1 100000 0
1.33513e+06 0
605852 1682.32
0.71158 0.000661191
340701 1448.11
3497.84 215.814
0 0
0 0
absorber 2 405000   304139 1555.81   304139 1555.81   304139 1555.81   0 0   0 0   304139 1555.81   304139 1555.81   304139 1555.81   0 0   0 0   0.227798 0.00116529   301713 1498.3   301713 1498.3   301713 1498.3   0 0   0 0   301713 1498.3   301713 1498.3   301713 1498.3   0 0   0 0   0.225981 0.00112221
reflector 6 1.33513e+06 100000   0.71158 0.000661191   340701 1448.11
2 6   304139 1555.81   304139 1555.81   304139 1555.81   0 0   0 0   304139 1555.81   304139 1555.81   304139 1555.81   0 0   0 0   301713 1498.3   301713 1498.3   301713 1498.3   0 0   0 0   301713 1498.3   301713 1498.3   301713 1498.3   0 0   0 0
#--- Sun direction: 86 0 (-0.0697565 -0.997564 -0)
7 1 1 100000 0
1.33513e+06 0
612574 1682.74
0.712527 0.000652334
333482 1429.05
5260.29 264.487
0 0
0 0
absorber 2 405000   305821 1553.95   305821 1553.95   305821 1553.95   0 0   0 0   305821 1553.95   305821 1553.95   305821 1553.95   0 0   0 0   0.229057 0.00116389   306753 1514.29   306753 1514.29   306753 1514.29   0 0   0 0   306753 1514.29   306753 1514.29   306753 1514.29   0 0   0 0   0.229755 0.00113419
reflector 6 1.33513e+06 100000   0.712527 0.000652334   333482 1429.05
2 6   305821 1553.95   305821 1553.95   305821 1553.95   0 0   0 0   305821 1553.95   305821 1553.95   305821 1553.95   0 0   0 0   306753 1514.29   306753 1514.29   306753 1514.29   0 0   0 0   306753 1514.29   306753 1514.29   306753 1514.29   0 0   0 0
#--- Sun direction: 87 0 (-0.052336 -0.99863 -0)
7 1 1 100000 0
1.33513e+06 0
622702 1684.4
0.713033 0.000645117
327567 1412.08
1722.15 151.529
0 0
0 0
absorber 2 405000   312040 1562.61   312040 1562.61   312040 1562.61   0 0   0 0   312040 1562.61   312040 1562.61   312040 1562.61   0 0   0 0   0.233715 0.00117038   310662 1527.82   310662 1527.82   310662 1527.82   0 0   0 0   310662 1527.82   310662 1527.82   310662 1527.82   0 0   0 0   0.232683 0.00114433
reflector 6 1.33513e+06 100000   0.713033 0.000645117   327567 1412.08
2 6   312040 1562.61   312040 1562.61   312040 1562.61   0 0   0 0   312040 1562.61   312040 1562.61   312040 1562.61   0 0   0 0   310662 1527.82   310662 1527.82   310662 1527.82   0 0   0 0   310662 1527.82   310662 1527.82   310662 1527.82   0 0   0 0
#--- Sun direction: 88 0 (-0.0348995 -0.999391 -0)
7 1 1 100000 0
1.33513e+06 0
626186 1684.19
0.713599 0.000640092
320178 1392.72
6381.88 291.202
0 0
0 0
absorber 2 405000   311021 1554.61   311021 1554.61   311021 1554.61   0 0   0 0   311021 1554.61   311021 1554.61   311021 1554.61   0 0   0 0   0.232952 0.00116439   315165 1542.77   315165 1542.77   315165 1542.77   0 0   0 0   315165 1542.77   315165 1542.77   315165 1542.77   0 0   0 0   0.236056 0.00115552
reflector 6 1.33513e+06 100000   0.713599 0.000640092   320178 1392.72
2 6   311021 1554.61   311021 1554.61   311021 1554.61   0 0   0 0   311021 1554.61   311021 1554.61   311021 1554.61   0 0   0 0   315165 1542.77   315165 1542.77   315165 1542.77   0 0   0 0   315165 1542.77   315165 1542.77   315165 1542.77   0 0   0 0
#--- Sun direction: 89 0 (-0.0174524 -0.999848 -0)
7 1 1 100000 0
1.33513e+06 0
638163 1686.19
0.714017 0.000636532
313566 1374.81
1575.21 144.924
0 0
0 0
absorber 2 405000   318817 1567.37   318817 1567.37   318817 1567.37   0 0   0 0   318817 1567.37   318817 1567.37   318817 1567.37   0 0   0 0   0.238791 0.00117395   319346 1556.55   319346 1556.55   319346 1556.55   0 0   0 0   319346 1556.55   319346 1556.55   319346 1556.55   0 0   0 0   0.239188 0.00116584
reflector 6 1.33513e+06 100000   0.714017 0.000636532   313566 1374.81
2 6   318817 1567.37   318817 1567.37   318817 1567.37   0 0   0 0   318817 1567.37   318817 1567.37   318817 1567.37   0 0   0 0   319346 1556.55   319346 1556.55   319346 1556.55   0 0   0 0   319346 1556.55   319346 1556.55   319346 1556.55   0 0   0 0
#--- Sun direction: 90 0 (-6.12323e-17 -1 -0)
7 1 1 100000 0
1.33513e+06 0
630872 1685.78
0.714347 0.000635641
306552 1355.39
16320.8 463.894
0 0
0 0
absorber 2 405000   314295 1553.07   314295 1553.07   314295 1553.07   0 0   0 0   314295 1553.07   314295 1553.07   314295 1553.07   0 0   0 0   0.235404 0.00116324   316577 1555.57   316577 1555.57   316577 1555.57   0 0   0 0   316577 1555.57   316577 1555.57   316577 1555.57   0 0   0 0   0.237114 0.00116511
reflector 6 1.33513e+06 100000   0.714347 0.000635641   306552 1355.39
2 6   314295 1553.07   314295 1553.07   314295 1553.07   0 0   0 0   314295 1553.07   314295 1553.07   314295 1553.07   0 0   0 0   316577 1555.57   316577 1555.57   316577 1555.57   0 0   0 0   316577 1555.57   316577 1555.57   316577 1555.57   0 0   0 0
#--- Sun direction: 91 0 (0.0174524 -0.999848 -0)
7 1 1 100000 0
1.33513e+06 0
639102 1687.25
0.714482 0.000636508
313288 1374.27
1535.16 143.072
0 0
0 0
absorber 2 405000   318053 1556.2   318053 1556.2   318053 1556.2   0 0   0 0   318053 1556.2   318053 1556.2   318053 1556.2   0 0   0 0   0.238219 0.00116558   321049 1570.75   321049 1570.75   321049 1570.75   0 0   0 0   321049 1570.75   321049 1570.75   321049 1570.75   0 0   0 0   0.240463 0.00117648
reflector 6 1.33513e+06 100000   0.714482 0.000636508   313288 1374.27
2 6   318053 1556.2   318053 1556.2   318053 1556.2   0 0   0 0   318053 1556.2   318053 1556.2   318053 1556.2   0 0   0 0   321049 1570.75   321049 1570.75   321049 1570.75   0 0   0 0   321049 1570.75   321049 1570.75   321049 1570.75   0 0   0 0
#--- Sun direction: 92 0 (0.0348995 -0.999391 -0)
7 1 1 100000 0
1.33513e+06 0
625905 1685.23
0.713947 0.000639795
320684 1393.35
6622.2 296.607
0 0
0 0
absorber 2 405000   313930 1542.39   313930 1542.39   313930 1542.39   0 0   0 0   313930 1542.39   313930 1542.39   313930 1542.39   0 0   0 0   0.235131 0.00115523   311975 1555.57   311975 1555.57   311975 1555.57   0 0   0 0   311975 1555.57   311975 1555.57   311975 1555.57   0 0   0 0   0.233667 0.00116511
reflector 6 1.33513e+06 100000   0.713947 0.000639795   320684 1393.35
2 6   313930 1542.39   313930 1542.39   313930 1542.39   0 0   0 0   313930 1542.39   313930 1542.39   313930 1542.39   0 0   0 0   311975 1555.57   311975 1555.57   311975 1555.57   0 0   0 0   311975 1555.57   311975 1555.57   311975 1555.57   0 0   0 0
#--- Sun direction: 93 0 (0.052336 -0.99863 -0)
7 1 1 100000 0
1.33513e+06 0
622694 1685.5
0.713358 0.00064457
327635 1411.36
2095.95 167.143
0 0
0 0
absorber 2 405000   309282 1527.02   309282 1527.02   309282 1527.02   0 0   0 0   309282 1527.02   309282 1527.02   309282 1527.02   0 0   0 0   0.231649 0.00114373   313412 1564.53   313412 1564.53   313412 1564.53   0 0   0 0   313412 1564.53   313412 1564.53   313412 1564.53   0 0   0 0   0.234743 0.00117182
reflector 6 1.33513e+06 100000   0.713358 0.00064457   327635 1411.36
2 6   309282 1527.02   309282 1527.02   309282 1527.02   0 0   0 0   309282 1527.02   309282 1527.02   309282 1527.02   0 0   0 0   313412 1564.53   313412 1564.53   313412 1564.53   0 0   0 0   313412 1564.53   313412 1564.53   313412 1564.53   0 0   0 0
#--- Sun direction: 94 0 (0.0697565 -0.997564 -0)
7 1 1 100000 0
1.33513e+06 0
612157 1683.19
0.712551 0.00065081
334276 1429.03
4913.16 255.644
0 0
0 0
absorber 2 405000   305100 1512.33   305100 1512.33   305100 1512.33   0 0   0 0   305100 1512.33   305100 1512.33   305100 1512.33   0 0   0 0   0.228517 0.00113272   307058 1555.52   307058 1555.52   307058 1555.52   0 0   0 0   307058 1555.52   307058 1555.52   307058 1555.52   0 0   0 0   0.229983 0.00116507
reflector 6 1.33513e+06 100000   0.712551 0.00065081   334276 1429.03
2 6   305100 1512.33   305100 1512.33   305100 1512.33   0 0   0 0   305100 1512.33   305100 1512.33   305100 1512.33   0 0   0 0   307058 1555.52   307058 1555.52   307058 1555.52   0 0   0 0   307058 1555.52   307058 1555.52   307058 1555.52   0 0   0 0
#--- Sun direction: 95 0 (0.0871557 -0.996195 -0)
7 1 1 100000 0
1.33513e+06 0
605003 1682.2
0.711368 0.000659571
341521 1447.87
3244.18 207.861
0 0
0 0
absorber 2 405000   300195 1496.59   300195 1496.59   300195 1496.59   0 0   0 0   300195 1496.59   300195 1496.59   300195 1496.59   0 0   0 0   0.224844 0.00112093   304808 1555.65   304808 1555.65   304808 1555.65   0 0   0 0   304808 1555.65   304808 1555.65   304808 1555.65   0 0   0 0   0.228299 0.00116517
reflector 6 1.33513e+06 100000   0.711368 0.000659571   341521 1447.87
2 6   300195 1496.59   300195 1496.59   300195 1496.59   0 0   0 0   300195 1496.59   300195 1496.59   300195 1496.59   0 0   0 0   304808 1555.65   304808 1555.65   304808 1555.65   0 0   0 0   304808 1555.65   304808 1555.65   304808 1555.65   0 0   0 0
#--- Sun direction: 96 0 (0.104528 -0.994522 -0)
7 1 1 100000 0
1.33513e+06 0
596641 1679.37
0.709968 0.000669088
347653 1465.03
3604.66 219.076
0 0
0 0
absorber 2 405000   295218 1479.86   295218 1479.86   295218 1479.86   0 0   0 0   295218 1479.86   295218 1479.86   295218 1479.86   0 0   0 0   0.221116 0.0011084   301422 1552.42   301422 1552.42   301422 1552.42   0 0   0 0   301422 1552.42   301422 1552.42   301422 1552.42   0 0   0 0   0.225763 0.00116275
reflector 6 1.33513e+06 100000   0.709968 0.000669088   347653 1465.03
2 6   295218 1479.86   295218 1479.86   295218 1479.86   0 0   0 0   295218 1479.86   295218 1479.86   295218 1479.86   0 0   0 0   301422 1552.42   301422 1552.42   301422 1552.42   0 0   0 0   301422 1552.42   301422 1552.42   301422 1552.42   0 0   0 0
#--- Sun direction: 97 0 (0.121869 -0.992546 -0)
7 1 1 100000 0
1.33513e+06 0
587714 1677.08
0.708648 0.000681084
353776 1482.68
4646.13 248.625
0 0
0 0
absorber 2 405000   290663 1464.22   290663 1464.22   290663 1464.22   0 0   0 0   290663 1464.22   290663 1464.22   290663 1464.22   0 0   0 0   0.217704 0.00109669   297052 1547.74   297052 1547.74   297052 1547.74   0 0   0 0   297052 1547.74   297052 1547.74   297052 1547.74   0 0   0 0   0.222489 0.00115924
reflector 6 1.33513e+06 100000   0.708648 0.000681084   353776 1482.68
2 6   290663 1464.22   290663 1464.22   290663 1464.22   0 0   0 0   290663 1464.22   290663 1464.22   290663 1464.22   0 0   0 0   297052 1547.74   297052 1547.74   297052 1547.74   0 0   0 0   297052 1547.74   297052 1547.74   297052 1547.74   0 0   0 0
#--- Sun direction: 98 0 (0.139173 -0.990268 -0)
7 1 1 100000 0
1.33513e+06 0
581600 1676.47
0.706926 0.000694452
359955 1499.56
2282.86 174.425
0 0
0 0
absorber 2 405000   285418 1447.28   285418 1447.28   285418 1447.28   0 0   0 0   285418 1447.28   285418 1447.28   285418 1447.28   0 0   0 0   0.213776 0.001084   296182 1551.34   296182 1551.34   296182 1551.34   0 0   0 0   296182 1551.34   296182 1551.34   296182 1551.34   0 0   0 0   0.221838 0.00116194
reflector 6 1.33513e+06 100000   0.706926 0.000694452   359955 1499.56
2 6   285418 1447.28   285418 1447.28   285418 1447.28   0 0   0 0   285418 1447.28   285418 1447.28   285418 1447.28   0 0   0 0   296182 1551.34   296182 1551.34   296182 1551.34   0 0   0 0   296182 1551.34   296182 1551.34   296182 1551.34   0 0   0 0
#--- Sun direction: 99 0 (0.156434 -0.987688 -0)
7 1 1 100000 0
1.33513e+06 0
568860 1672.65
0.70498 0.000708759
366011 1515.37
6368.52 290.898
0 0
0 0
absorber 2 405000   280150 1430.24   280150 1430.24   280150 1430.24   0 0   0 0   280150 1430.24   280150 1430.24   280150 1430.24   0 0   0 0   0.20983 0.00107124   288710 1539.42   288710 1539.42   288710 1539.42   0 0   0 0   288710 1539.42   288710 1539.42   288710 1539.42   0 0   0 0   0.216241 0.00115301
reflector 6 1.33513e+06 100000   0.70498 0.000708759   366011 1515.37
2 6   280150 1430.24   280150 1430.24   280150 1430.24   0 0   0 0   280150 1430.24   280150 1430.24   280150 1430.24   0 0   0 0   288710 1539.42   288710 1539.42   288710 1539.42   0 0   0 0   288710 1539.42   288710 1539.42   288710 1539.42   0 0   0 0
#--- Sun direction: 100 0 (0.173648 -0.984808 -0)
7 1 1 100000 0
1.33513e+06 0
565363 1674.28
0.702956 0.000724868
372426 1532.5
747.564 99.8694
0 0
0 0
absorber 2 405000   274621 1412.97   274621 1412.97   274621 1412.97   0 0   0 0   274621 1412.97   274621 1412.97   274621 1412.97   0 0   0 0   0.205689 0.0010583   290742 1550.36   290742 1550.36   290742 1550.36   0 0   0 0   290742 1550.36   290742 1550.36   290742 1550.36   0 0   0 0   0.217763 0.00116121
reflector 6 1.33513e+06 100000   0.702956 0.000724868   372426 1532.5
2 6   274621 1412.97   274621 1412.97   274621 1412.97   0 0   0 0   274621 1412.97   274621 1412.97   274621 1412.97   0 0   0 0   290742 1550.36   290742 1550.36   290742 1550.36   0 0   0 0   290742 1550.36   290742 1550.36   290742 1550.36   0 0   0 0
#--- Sun direction: 101 0 (0.190809 -0.981627 -0)
7 1 1 100000 0
1.33513e+06 0
549337 1667.76
0.700501 0.000742577
378032 1548.06
7890.61 323.616
0 0
0 0
absorber 2 405000   268932 1395.2   268932 1395.2   268932 1395.2   0 0   0 0   268932 1395.2   268932 1395.2   268932 1395.2   0 0   0 0   0.201428 0.00104499   280405 1530.7   280405 1530.7   280405 1530.7   0 0   0 0   280405 1530.7   280405 1530.7   280405 1530.7   0 0   0 0   0.210021 0.00114648
reflector 6 1.33513e+06 100000   0.700501 0.000742577   378032 1548.06
2 6   268932 1395.2   268932 1395.2   268932 1395.2   0 0   0 0   268932 1395.2   268932 1395.2   268932 1395.2   0 0   0 0   280405 1530.7   280405 1530.7   280405 1530.7   0 0   0 0   280405 1530.7   280405 1530.7   280405 1530.7   0 0   0 0
#--- Sun direction: 102 0 (0.207912 -0.978148 -0)
7 1 1 100000 0
1.33513e+06 0
547257 1670.91
0.698033 0.000761077
384199 1564.73
507.268 82.2741
0 0
0 0
absorber 2 405000   263375 1377.91   263375 1377.91   263375 1377.91   0 0   0 0   263375 1377.91   263375 1377.91   263375 1377.91   0 0   0 0   0.197266 0.00103204   283882 1545.53   283882 1545.53   283882 1545.53   0 0   0 0   283882 1545.53   283882 1545.53   283882 1545.53   0 0   0 0   0.212625 0.00115759
reflector 6 1.33513e+06 100000   0.698033 0.000761077   384199 1564.73
2 6   263375 1377.91   263375 1377.91   263375 1377.91   0 0   0 0   263375 1377.91   263375 1377.91   263375 1377.91   0 0   0 0   283882 1545.53   283882 1545.53   283882 1545.53   0 0   0 0   283882 1545.53   283882 1545.53   283882 1545.53   0 0   0 0
#--- Sun direction: 103 0 (0.224951 -0.97437 -0)
7 1 1 100000 0
1.33513e+06 0
530918 1664.07
0.695221 0.000780471
390896 1581.24
6395.24 291.505
0 0
0 0
absorber 2 405000   257920 1361.21   257920 1361.21   257920 1361.21   0 0   0 0   257920 1361.21   257920 1361.21   257920 1361.21   0 0   0 0   0.193179 0.00101953   272998 1524.62   272998 1524.62   272998 1524.62   0 0   0 0   272998 1524.62   272998 1524.62   272998 1524.62   0 0   0 0   0.204473 0.00114193
reflector 6 1.33513e+06 100000   0.695221 0.000780471   390896 1581.24
2 6   257920 1361.21   257920 1361.21   257920 1361.21   0 0   0 0   257920 1361.21   257920 1361.21   257920 1361.21   0 0   0 0   272998 1524.62   272998 1524.62   272998 1524.62   0 0   0 0   272998 1524.62   272998 1524.62   272998 1524.62   0 0   0 0
#--- Sun direction: 104 0 (0.241922 -0.970296 -0)
7 1 1 100000 0
1.33513e+06 0
526102 1665.68
0.692151 0.000801387
396233 1596.42
1775.54 153.856
0 0
0 0
absorber 2 405000   252332 1343.78   252332 1343.78   252332 1343.78   0 0   0 0   252332 1343.78   252332 1343.78   252332 1343.78   0 0   0 0   0.188995 0.00100648   273769 1533.09   273769 1533.09   273769 1533.09   0 0   0 0   273769 1533.09   273769 1533.09   273769 1533.09   0 0   0 0   0.205051 0.00114827
reflector 6 1.33513e+06 100000   0.692151 0.000801387   396233 1596.42
2 6   252332 1343.78   252332 1343.78   252332 1343.78   0 0   0 0   252332 1343.78   252332 1343.78   252332 1343.78   0 0   0 0   273769 1533.09   273769 1533.09   273769 1533.09   0 0   0 0   273769 1533.09   273769 1533.09   273769 1533.09   0 0   0 0
#--- Sun direction: 105 0 (0.258819 -0.965926 -0)
7 1 1 100000 0
1.33513e+06 0
514731 1661.89
0.689038 0.000823665
400617 1610.81
4606.1 247.556
0 0
0 0
absorber 2 405000   247080 1327.05   247080 1327.05   247080 1327.05   0 0   0 0   247080 1327.05   247080 1327.05   247080 1327.05   0 0   0 0   0.185061 0.000993951   267650 1524.28   267650 1524.28   267650 1524.28   0 0   0 0   267650 1524.28   267650 1524.28   267650 1524.28   0 0   0 0   0.200468 0.00114167
reflector 6 1.33513e+06 100000   0.689038 0.000823665   400617 1610.81
2 6   247080 1327.05   247080 1327.05   247080 1327.05   0 0   0 0   247080 1327.05   247080 1327.05   247080 1327.05   0 0   0 0   267650 1524.28   267650 1524.28   267650 1524.28   0 0   0 0   267650 1524.28   267650 1524.28   267650 1524.28   0 0   0 0
#--- Sun direction: 106 0 (0.275637 -0.961262 -0)
7 1 1 100000 0
1.33513e+06 0
507505 1661.95
0.68586 0.00084535
405389 1624.93
2816.95 193.722
0 0
0 0
absorber 2 405000   241120 1308.97   241120 1308.97   241120 1308.97   0 0   0 0   241120 1308.97   241120 1308.97   241120 1308.97   0 0   0 0   0.180596 0.00098041   266386 1527.51   266386 1527.51   266386 1527.51   0 0   0 0   266386 1527.51   266386 1527.51   266386 1527.51   0 0   0 0   0.199521 0.00114409
reflector 6 1.33513e+06 100000   0.68586 0.00084535   405389 1624.93
2 6   241120 1308.97   241120 1308.97   241120 1308.97   0 0   0 0   241120 1308.97   241120 1308.97   241120 1308.97   0 0   0 0   266386 1527.51   266386 1527.51   266386 1527.51   0 0   0 0   266386 1527.51   266386 1527.51   266386 1527.51   0 0   0 0
#--- Sun direction: 107 0 (0.292372 -0.956305 -0)
7 1 1 100000 0
1.33513e+06 0
498617 1659.58
0.682188 0.000868329
409081 1638.41
3110.7 203.551
0 0
0 0
absorber 2 405000   235376 1290.84   235376 1290.84   235376 1290.84   0 0   0 0   235376 1290.84   235376 1290.84   235376 1290.84   0 0   0 0   0.176294 0.000966829   263241 1525.5   263241 1525.5   263241 1525.5   0 0   0 0   263241 1525.5   263241 1525.5   263241 1525.5   0 0   0 0   0.197165 0.00114258
reflector 6 1.33513e+06 100000   0.682188 0.000868329   409081 1638.41
2 6   235376 1290.84   235376 1290.84   235376 1290.84   0 0   0 0   235376 1290.84   235376 1290.84   235376 1290.84   0 0   0 0   263241 1525.5   263241 1525.5   263241 1525.5   0 0   0 0   263241 1525.5   263241 1525.5   263241 1525.5   0 0   0 0
#--- Sun direction: 108 0 (0.309017 -0.951057 -0)
7 1 1 100000 0
1.33513e+06 0
489612 1657.82
0.678206 0.000892329
412369 1650.95
3511.29 216.23
0 0
0 0
absorber 2 405000   229493 1273.27   229493 1273.27   229493 1273.27   0 0   0 0   229493 1273.27   229493 1273.27   229493 1273.27   0 0   0 0   0.171888 0.000953665   260119 1523.5   260119 1523.5   260119 1523.5   0 0   0 0   260119 1523.5   260119 1523.5   260119 1523.5   0 0   0 0   0.194827 0.00114109
reflector 6 1.33513e+06 100000   0.678206 0.000892329   412369 1650.95
2 6   229493 1273.27   229493 1273.27   229493 1273.27   0 0   0 0   229493 1273.27   229493 1273.27   229493 1273.27   0 0   0 0   260119 1523.5   260119 1523.5   260119 1523.5   0 0   0 0   260119 1523.5   260119 1523.5   260119 1523.5   0 0   0 0
#--- Sun direction: 109 0 (0.325568 -0.945519 -0)
7 1 1 100000 0
1.33513e+06 0
483562 1658.97
0.67423 0.000916398
414967 1663.04
1655.42 148.569
0 0
0 0
absorber 2 405000   223807 1255.98   223807 1255.98   223807 1255.98   0 0   0 0   223807 1255.98   223807 1255.98   223807 1255.98   0 0   0 0   0.16763 0.000940718   259755 1528.86   259755 1528.86   259755 1528.86   0 0   0 0   259755 1528.86   259755 1528.86   259755 1528.86   0 0   0 0   0.194554 0.0011451
reflector 6 1.33513e+06 100000   0.67423 0.000916398   414967 1663.04
2 6   223807 1255.98   223807 1255.98   223807 1255.98   0 0   0 0   223807 1255.98   223807 1255.98   223807 1255.98   0 0   0 0   259755 1528.86   259755 1528.86   259755 1528.86   0 0   0 0   259755 1528.86   259755 1528.86   259755 1528.86   0 0   0 0
#--- Sun direction: 110 0 (0.34202 -0.939693 -0)
7 1 1 100000 0
1.33513e+06 0
471426 1653.76
0.670088 0.000941129
418634 1676.81
4592.8 247.201
0 0
0 0
absorber 2 405000   218098 1238.36   218098 1238.36   218098 1238.36   0 0   0 0   218098 1238.36   218098 1238.36   218098 1238.36   0 0   0 0   0.163354 0.00092752   253328 1518.69   253328 1518.69   253328 1518.69   0 0   0 0   253328 1518.69   253328 1518.69   253328 1518.69   0 0   0 0   0.189741 0.00113748
reflector 6 1.33513e+06 100000   0.670088 0.000941129   418634 1676.81
2 6   218098 1238.36   218098 1238.36   218098 1238.36   0 0   0 0   218098 1238.36   218098 1238.36   218098 1238.36   0 0   0 0   253328 1518.69   253328 1518.69   253328 1518.69   0 0   0 0   253328 1518.69   253328 1518.69   253328 1518.69   0 0   0 0
#--- Sun direction: 111 0 (0.358368 -0.93358 -0)
7 1 1 100000 0
1.33513e+06 0
466520 1656.62
0.665566 0.000965777
421109 1688.71
987.859 114.794
0 0
0 0
absorber 2 405000   212511 1221.6   212511 1221.6   212511 1221.6   0 0   0 0   212511 1221.6   212511 1221.6   212511 1221.6   0 0   0 0   0.159169 0.000914965   254009 1526.98   254009 1526.98   254009 1526.98   0 0   0 0   254009 1526.98   254009 1526.98   254009 1526.98   0 0   0 0   0.19025 0.0011437
reflector 6 1.33513e+06 100000   0.665566 0.000965777   421109 1688.71
2 6   212511 1221.6   212511 1221.6   212511 1221.6   0 0   0 0   212511 1221.6   212511 1221.6   212511 1221.6   0 0   0 0   254009 1526.98   254009 1526.98   254009 1526.98   0 0   0 0   254009 1526.98   254009 1526.98   254009 1526.98   0 0   0 0
#--- Sun direction: 112 0 (0.374607 -0.927184 -0)
7 1 1 100000 0
1.33513e+06 0
453078 1648.94
0.66099 0.000990157
423193 1699.95
6235.67 287.85
0 0
0 0
absorber 2 405000   207184 1205.97   207184 1205.97   207184 1205.97   0 0   0 0   207184 1205.97   207184 1205.97   207184 1205.97   0 0   0 0   0.155179 0.000903262   245894 1511.14   245894 1511.14   245894 1511.14   0 0   0 0   245894 1511.14   245894 1511.14   245894 1511.14   0 0   0 0   0.184173 0.00113183
reflector 6 1.33513e+06 100000   0.66099 0.000990157   423193 1699.95
2 6   207184 1205.97   207184 1205.97   207184 1205.97   0 0   0 0   207184 1205.97   207184 1205.97   207184 1205.97   0 0   0 0   245894 1511.14   245894 1511.14   245894 1511.14   0 0   0 0   245894 1511.14   245894 1511.14   245894 1511.14   0 0   0 0
#--- Sun direction: 113 0 (0.390731 -0.920505 -0)
7 1 1 100000 0
1.33513e+06 0
448076 1652.97
0.655961 0.00101499
427403 1713.54
313.18 59.721
0 0
0 0
absorber 2 405000   201136 1188.32   201136 1188.32   201136 1188.32   0 0   0 0   201136 1188.32   201136 1188.32   201136 1188.32   0 0   0 0   0.150649 0.000890043   246940 1521.05   246940 1521.05   246940 1521.05   0 0   0 0   246940 1521.05   246940 1521.05   246940 1521.05   0 0   0 0   0.184956 0.00113925
reflector 6 1.33513e+06 100000   0.655961 0.00101499   427403 1713.54
2 6   201136 1188.32   201136 1188.32   201136 1188.32   0 0   0 0   201136 1188.32   201136 1188.32   201136 1188.32   0 0   0 0   246940 1521.05   246940 1521.05   246940 1521.05   0 0   0 0   246940 1521.05   246940 1521.05   246940 1521.05   0 0   0 0
#--- Sun direction: 114 0 (0.406737 -0.913545 -0)
7 1 1 100000 0
1.33513e+06 0
433905 1645.81
0.652014 0.00103671
431550 1725.04
5067.88 253.296
0 0
0 0
absorber 2 405000   193555 1167.51   193555 1167.51   193555 1167.51   0 0   0 0   193555 1167.51   193555 1167.51   193555 1167.51   0 0   0 0   0.144971 0.000874454   240350 1508.65   240350 1508.65   240350 1508.65   0 0   0 0   240350 1508.65   240350 1508.65   240350 1508.65   0 0   0 0   0.18002 0.00112996
reflector 6 1.33513e+06 100000   0.652014 0.00103671   431550 1725.04
2 6   193555 1167.51   193555 1167.51   193555 1167.51   0 0   0 0   193555 1167.51   193555 1167.51   193555 1167.51   0 0   0 0   240350 1508.65   240350 1508.65   240350 1508.65   0 0   0 0   240350 1508.65   240350 1508.65   240350 1508.65   0 0   0 0
#--- Sun direction: 115 0 (0.422618 -0.906308 -0)
7 1 1 100000 0
1.33513e+06 0
428021 1648.35
0.648464 0.00105576
435756 1736.51
2006.43 138.827
0 0
0 0
absorber 2 405000   187277 1149.2   187277 1149.2   187277 1149.2   0 0   0 0   187277 1149.2   187277 1149.2   187277 1149.2   0 0   0 0   0.140269 0.000860743   240744 1515.95   240744 1515.95   240744 1515.95   0 0   0 0   240744 1515.95   240744 1515.95   240744 1515.95   0 0   0 0   0.180315 0.00113544
reflector 6 1.33513e+06 100000   0.648464 0.00105576   435756 1736.51
2 6   187277 1149.2   187277 1149.2   187277 1149.2   0 0   0 0   187277 1149.2   187277 1149.2   187277 1149.2   0 0   0 0   240744 1515.95   240744 1515.95   240744 1515.95   0 0   0 0   240744 1515.95   240744 1515.95   240744 1515.95   0 0   0 0
#--- Sun direction: 116 0 (0.438371 -0.898794 -0)
7 1 1 100000 0
1.33513e+06 0
417732 1643.53
0.644329 0.00107311
437576 1743.46
4954.3 228.977
0 0
0 0
absorber 2 405000   181215 1131.95   181215 1131.95   181215 1131.95   0 0   0 0   181215 1131.95   181215 1131.95   181215 1131.95   0 0   0 0   0.135728 0.000847818   236517 1509.01   236517 1509.01   236517 1509.01   0 0   0 0   236517 1509.01   236517 1509.01   236517 1509.01   0 0   0 0   0.177149 0.00113023
reflector 6 1.33513e+06 100000   0.644329 0.00107311   437576 1743.46
2 6   181215 1131.95   181215 1131.95   181215 1131.95   0 0   0 0   181215 1131.95   181215 1131.95   181215 1131.95   0 0   0 0   236517 1509.01   236517 1509.01   236517 1509.01   0 0   0 0   236517 1509.01   236517 1509.01   236517 1509.01   0 0   0 0
#--- Sun direction: 117 0 (0.45399 -0.891007 -0)
7 1 1 100000 0
1.33513e+06 0
409383 1643.09
0.64175 0.00108743
443342 1753.69
4093.52 180.22
0 0
0 0
absorber 2 405000   174518 1113.37   174518 1113.37   174518 1113.37   0 0   0 0   174518 1113.37   174518 1113.37   174518 1113.37   0 0   0 0   0.130712 0.000833901   234866 1509.94   234866 1509.94   234866 1509.94   0 0   0 0   234866 1509.94   234866 1509.94   234866 1509.94   0 0   0 0   0.175912 0.00113093
reflector 6 1.33513e+06 100000   0.64175 0.00108743   443342 1753.69
2 6   174518 1113.37   174518 1113.37   174518 1113.37   0 0   0 0   174518 1113.37   174518 1113.37   174518 1113.37   0 0   0 0   234866 1509.94   234866 1509.94   234866 1509.94   0 0   0 0   234866 1509.94   234866 1509.94   234866 1509.94   0 0   0 0
#--- Sun direction: 118 0 (0.469472 -0.882948 -0)
7 1 1 100000 0
1.33513e+06 0
399869 1640.17
0.63803 0.0011017
446886 1759.95
5097.32 190.312
0 0
0 0
absorber 2 405000   167638 1093.22   167638 1093.22   167638 1093.22   0 0   0 0   167638 1093.22   167638 1093.22   167638 1093.22   0 0   0 0   0.12556 0.000818812   232231 1507.86   232231 1507.86   232231 1507.86   0 0   0 0   232231 1507.86   232231 1507.86   232231 1507.86   0 0   0 0   0.173939 0.00112938
reflector 6 1.33513e+06 100000   0.63803 0.0011017   446886 1759.95
2 6   167638 1093.22   167638 1093.22   167638 1093.22   0 0   0 0   167638 1093.22   167638 1093.22   167638 1093.22   0 0   0 0   232231 1507.86   232231 1507.86   232231 1507.86   0 0   0 0   232231 1507.86   232231 1507.86   232231 1507.86   0 0   0 0
#--- Sun direction: 119 0 (0.48481 -0.87462 -0)
7 1 1 100000 0
1.33513e+06 0
390391 1636.73
0.634219 0.00111433
449954 1764.37
6419.02 206.546
0 0
0 0
absorber 2 405000   161303 1074.57   161303 1074.57   161303 1074.57   0 0   0 0   161303 1074.57   161303 1074.57   161303 1074.57   0 0   0 0   0.120814 0.000804846   229088 1504.4   229088 1504.4   229088 1504.4   0 0   0 0   229088 1504.4   229088 1504.4   229088 1504.4   0 0   0 0   0.171585 0.00112678
reflector 6 1.33513e+06 100000   0.634219 0.00111433   449954 1764.37
2 6   161303 1074.57   161303 1074.57   161303 1074.57   0 0   0 0   161303 1074.57   161303 1074.57   161303 1074.57   0 0   0 0   229088 1504.4   229088 1504.4   229088 1504.4   0 0   0 0   229088 1504.4   229088 1504.4   229088 1504.4   0 0   0 0
#--- Sun direction: 120 0 (0.5 -0.866025 -0)
7 1 1 100000 0
1.33513e+06 0
382701 1636.96
0.631004 0.00112493
453668 1767.85
6102.48 159.128
0 0
0 0
absorber 2 405000   154543 1055.34   154543 1055.34   154543 1055.34   0 0   0 0   154543 1055.34   154543 1055.34   154543 1055.34   0 0   0 0   0.115751 0.00079044   228159 1507.02   228159 1507.02   228159 1507.02   0 0   0 0   228159 1507.02   228159 1507.02   228159 1507.02   0 0   0 0   0.170889 0.00112875
reflector 6 1.33513e+06 100000   0.631004 0.00112493   453668 1767.85
2 6   154543 1055.34   154543 1055.34   154543 1055.34   0 0   0 0   154543 1055.34   154543 1055.34   154543 1055.34   0 0   0 0   228159 1507.02   228159 1507.02   228159 1507.02   0 0   0 0   228159 1507.02   228159 1507.02   228159 1507.02   0 0   0 0
#--- Sun direction: 121 0 (0.515038 -0.857167 -0)
7 1 1 100000 0
1.33513e+06 0
371102 1629.89
0.627881 0.00113317
457738 1769.62
9461.05 234.679
0 0
0 0
absorber 2 405000   148279 1037.34   148279 1037.34   148279 1037.34   0 0   0 0   148279 1037.34   148279 1037.34   148279 1037.34   0 0   0 0   0.111059 0.000776958   222824 1497.08   222824 1497.08   222824 1497.08   0 0   0 0   222824 1497.08   222824 1497.08   222824 1497.08   0 0   0 0   0.166893 0.0011213
reflector 6 1.33513e+06 100000   0.627881 0.00113317   457738 1769.62
2 6   148279 1037.34   148279 1037.34   148279 1037.34   0 0   0 0   148279 1037.34   148279 1037.34   148279 1037.34   0 0   0 0   222824 1497.08   222824 1497.08   222824 1497.08   0 0   0 0   222824 1497.08   222824 1497.08   222824 1497.08   0 0   0 0
#--- Sun direction: 122 0 (0.529919 -0.848048 -0)
7 1 1 100000 0
1.33513e+06 0
365643 1632.12
0.62508 0.00114051
460896 1770.94
8023.88 147.45
0 0
0 0
absorber 2 405000   142173 1018.31   142173 1018.31   142173 1018.31   0 0   0 0   142173 1018.31   142173 1018.31   142173 1018.31   0 0   0 0   0.106487 0.000762703   223469 1504.1   223469 1504.1   223469 1504.1   0 0   0 0   223469 1504.1   223469 1504.1   223469 1504.1   0 0   0 0   0.167377 0.00112656
reflector 6 1.33513e+06 100000   0.62508 0.00114051   460896 1770.94
2 6   142173 1018.31   142173 1018.31   142173 1018.31   0 0   0 0   142173 1018.31   142173 1018.31   142173 1018.31   0 0   0 0   223469 1504.1   223469 1504.1   223469 1504.1   0 0   0 0   223469 1504.1   223469 1504.1   223469 1504.1   0 0   0 0
#--- Sun direction: 123 0 (0.544639 -0.838671 -0)
7 1 1 100000 0
1.33513e+06 0
353098 1621.82
0.622218 0.00114597
464241 1770.16
13401.7 273.327
0 0
0 0
absorber 2 405000   135603 998.408   135603 998.408   135603 998.408   0 0   0 0   135603 998.408   135603 998.408   135603 998.408   0 0   0 0   0.101565 0.000747799   217496 1491.08   217496 1491.08   217496 1491.08   0 0   0 0   217496 1491.08   217496 1491.08   217496 1491.08   0 0   0 0   0.162902 0.00111681
reflector 6 1.33513e+06 100000   0.622218 0.00114597   464241 1770.16
2 6   135603 998.408   135603 998.408   135603 998.408   0 0   0 0   135603 998.408   135603 998.408   135603 998.408   0 0   0 0   217496 1491.08   217496 1491.08   217496 1491.08   0 0   0 0   217496 1491.08   217496 1491.08   217496 1491.08   0 0   0 0
#--- Sun direction: 124 0 (0.559193 -0.829038 -0)
7 1 1 100000 0
1.33513e+06 0
347465 1624.09
0.619568 0.0011504
469166 1770.41
10572.1 141.785
0 0
0 0
absorber 2 405000   129325 978.891   129325 978.891   129325 978.891   0 0   0 0   129325 978.891   129325 978.891   129325 978.891   0 0   0 0   0.0968632 0.000733181   218140 1497.89   218140 1497.89   218140 1497.89   0 0   0 0   218140 1497.89   218140 1497.89   218140 1497.89   0 0   0 0   0.163385 0.00112191
reflector 6 1.33513e+06 100000   0.619568 0.0011504   469166 1770.41
2 6   129325 978.891   129325 978.891   129325 978.891   0 0   0 0   129325 978.891   129325 978.891   129325 978.891   0 0   0 0   218140 1497.89   218140 1497.89   218140 1497.89   0 0   0 0   218140 1497.89   218140 1497.89   218140 1497.89   0 0   0 0
#--- Sun direction: 125 0 (0.573576 -0.819152 -0)
7 1 1 100000 0
1.33513e+06 0
335752 1613.48
0.61795 0.00115342
473132 1769.75
16159.1 273.318
0 0
0 0
absorber 2 405000   122907 957.638   122907 957.638   122907 957.638   0 0   0 0   122907 957.638   122907 957.638   122907 957.638   0 0   0 0   0.092056 0.000717263   212845 1486.42   212845 1486.42   212845 1486.42   0 0   0 0   212845 1486.42   212845 1486.42   212845 1486.42   0 0   0 0   0.159419 0.00111331
reflector 6 1.33513e+06 100000   0.61795 0.00115342   473132 1769.75
2 6   122907 957.638   122907 957.638   122907 957.638   0 0   0 0   122907 957.638   122907 957.638   122907 957.638   0 0   0 0   212845 1486.42   212845 1486.42   212845 1486.42   0 0   0 0   212845 1486.42   212845 1486.42   212845 1486.42   0 0   0 0
#--- Sun direction: 126 0 (0.587785 -0.809017 -0)
7 1 1 100000 0
1.33513e+06 0
329716 1613.57
0.616979 0.00115404
478931 1769.4
15099.8 205.12
0 0
0 0
absorber 2 405000   116956 937.237   116956 937.237   116956 937.237   0 0   0 0   116956 937.237   116956 937.237   116956 937.237   0 0   0 0   0.0875991 0.000701982   212760 1490.93   212760 1490.93   212760 1490.93   0 0   0 0   212760 1490.93   212760 1490.93   212760 1490.93   0 0   0 0   0.159355 0.0011167
reflector 6 1.33513e+06 100000   0.616979 0.00115404   478931 1769.4
2 6   116956 937.237   116956 937.237   116956 937.237   0 0   0 0   116956 937.237   116956 937.237   116956 937.237   0 0   0 0   212760 1490.93   212760 1490.93   212760 1490.93   0 0   0 0   212760 1490.93   212760 1490.93   212760 1490.93   0 0   0 0
#--- Sun direction: 127 0 (0.601815 -0.798636 -0)
7 1 1 100000 0
1.33513e+06 0
317517 1599.93
0.615516 0.00115458
484603 1768.67
19673.1 285.171
0 0
0 0
absorber 2 405000   110683 914.264   110683 914.264   110683 914.264   0 0   0 0   110683 914.264   110683 914.264   110683 914.264   0 0   0 0   0.0829008 0.000684776   206834 1477.07   206834 1477.07   206834 1477.07   0 0   0 0   206834 1477.07   206834 1477.07   206834 1477.07   0 0   0 0   0.154917 0.00110632
reflector 6 1.33513e+06 100000   0.615516 0.00115458   484603 1768.67
2 6   110683 914.264   110683 914.264   110683 914.264   0 0   0 0   110683 914.264   110683 914.264   110683 914.264   0 0   0 0   206834 1477.07   206834 1477.07   206834 1477.07   0 0   0 0   206834 1477.07   206834 1477.07   206834 1477.07   0 0   0 0
#--- Sun direction: 128 0 (0.615661 -0.788011 -0)
7 1 1 100000 0
1.33513e+06 0
308742 1595.05
0.614222 0.00115538
491200 1767.47
20123.5 257.847
0 0
0 0
absorber 2 405000   103127 885.919   103127 885.919   103127 885.919   0 0   0 0   103127 885.919   103127 885.919   103127 885.919   0 0   0 0   0.0772412 0.000663546   205615 1477.64   205615 1477.64   205615 1477.64   0 0   0 0   205615 1477.64   205615 1477.64   205615 1477.64   0 0   0 0   0.154004 0.00110674
reflector 6 1.33513e+06 100000   0.614222 0.00115538   491200 1767.47
2 6   103127 885.919   103127 885.919   103127 885.919   0 0   0 0   103127 885.919   103127 885.919   103127 885.919   0 0   0 0   205615 1477.64   205615 1477.64   205615 1477.64   0 0   0 0   205615 1477.64   205615 1477.64   205615 1477.64   0 0   0 0
#--- Sun direction: 129 0 (0.62932 -0.777146 -0)
7 1 1 100000 0
1.33513e+06 0
297417 1583.66
0.612541 0.00115423
497217 1763.49
23186.3 288.211
0 0
0 0
absorber 2 405000   95421.9 855.352   95421.9 855.352   95421.9 855.352   0 0   0 0   95421.9 855.352   95421.9 855.352   95421.9 855.352   0 0   0 0   0.0714702 0.000640651   201995 1470.32   201995 1470.32   201995 1470.32   0 0   0 0   201995 1470.32   201995 1470.32   201995 1470.32   0 0   0 0   0.151293 0.00110125
reflector 6 1.33513e+06 100000   0.612541 0.00115423   497217 1763.49
2 6   95421.9 855.352   95421.9 855.352   95421.9 855.352   0 0   0 0   95421.9 855.352   95421.9 855.352   95421.9 855.352   0 0   0 0   201995 1470.32   201995 1470.32   201995 1470.32   0 0   0 0   201995 1470.32   201995 1470.32   201995 1470.32   0 0   0 0
#--- Sun direction: 130 0 (0.642788 -0.766044 -0)
7 1 1 100000 0
1.33513e+06 0
286254 1571.42
0.611316 0.00115192
504137 1759.56
25794.1 306.409
0 0
0 0
absorber 2 405000   88062.6 824.71   88062.6 824.71   88062.6 824.71   0 0   0 0   88062.6 824.71   88062.6 824.71   88062.6 824.71   0 0   0 0   0.0659581 0.000617701   198192 1462.29   198192 1462.29   198192 1462.29   0 0   0 0   198192 1462.29   198192 1462.29   198192 1462.29   0 0   0 0   0.148444 0.00109524
reflector 6 1.33513e+06 100000   0.611316 0.00115192   504137 1759.56
2 6   88062.6 824.71   88062.6 824.71   88062.6 824.71   0 0   0 0   88062.6 824.71   88062.6 824.71   88062.6 824.71   0 0   0 0   198192 1462.29   198192 1462.29   198192 1462.29   0 0   0 0   198192 1462.29   198192 1462.29   198192 1462.29   0 0   0 0
#--- Sun direction: 131 0 (0.656059 -0.75471 -0)
7 1 1 100000 0
1.33513e+06 0
275888 1560.35
0.610652 0.00114883
512254 1755.86
27156.7 299.089
0 0
0 0
absorber 2 405000   80719.5 792.481   80719.5 792.481   80719.5 792.481   0 0   0 0   80719.5 792.481   80719.5 792.481   80719.5 792.481   0 0   0 0   0.0604582 0.000593562   195168 1456.62   195168 1456.62   195168 1456.62   0 0   0 0   195168 1456.62   195168 1456.62   195168 1456.62   0 0   0 0   0.146179 0.001091
reflector 6 1.33513e+06 100000   0.610652 0.00114883   512254 1755.86
2 6   80719.5 792.481   80719.5 792.481   80719.5 792.481   0 0   0 0   80719.5 792.481   80719.5 792.481   80719.5 792.481   0 0   0 0   195168 1456.62   195168 1456.62   195168 1456.62   0 0   0 0   195168 1456.62   195168 1456.62   195168 1456.62   0 0   0 0
#--- Sun direction: 132 0 (0.669131 -0.743145 -0)
7 1 1 100000 0
1.33513e+06 0
263370 1543.23
0.610107 0.00114337
519321 1749.02
31880.5 352.479
0 0
0 0
absorber 2 405000   72791.8 755.508   72791.8 755.508   72791.8 755.508   0 0   0 0   72791.8 755.508   72791.8 755.508   72791.8 755.508   0 0   0 0   0.0545204 0.000565869   190578 1445.07   190578 1445.07   190578 1445.07   0 0   0 0   190578 1445.07   190578 1445.07   190578 1445.07   0 0   0 0   0.142741 0.00108234
reflector 6 1.33513e+06 100000   0.610107 0.00114337   519321 1749.02
2 6   72791.8 755.508   72791.8 755.508   72791.8 755.508   0 0   0 0   72791.8 755.508   72791.8 755.508   72791.8 755.508   0 0   0 0   190578 1445.07   190578 1445.07   190578 1445.07   0 0   0 0   190578 1445.07   190578 1445.07   190578 1445.07   0 0   0 0
#--- Sun direction: 133 0 (0.681998 -0.731354 -0)
7 1 1 100000 0
1.33513e+06 0
255576 1537.17
0.610175 0.00113801
527377 1743.31
31708.7 314.274
0 0
0 0
absorber 2 405000   65135.4 717.177   65135.4 717.177   65135.4 717.177   0 0   0 0   65135.4 717.177   65135.4 717.177   65135.4 717.177   0 0   0 0   0.0487859 0.000537159   190440 1447.98   190440 1447.98   190440 1447.98   0 0   0 0   190440 1447.98   190440 1447.98   190440 1447.98   0 0   0 0   0.142638 0.00108452
reflector 6 1.33513e+06 100000   0.610175 0.00113801   527377 1743.31
2 6   65135.4 717.177   65135.4 717.177   65135.4 717.177   0 0   0 0   65135.4 717.177   65135.4 717.177   65135.4 717.177   0 0   0 0   190440 1447.98   190440 1447.98   190440 1447.98   0 0   0 0   190440 1447.98   190440 1447.98   190440 1447.98   0 0   0 0
#--- Sun direction: 134 0 (0.694658 -0.71934 -0)
7 1 1 100000 0
1.33513e+06 0
216845 1445.91
0.610126 0.00113209
537126 1735.14
60625.7 653.368
0 0
0 0
absorber 2 405000   56027.7 668.762   56027.7 668.762   56027.7 668.762   0 0   0 0   56027.7 668.762   56027.7 668.762   56027.7 668.762   0 0   0 0   0.0419643 0.000500897   160818 1350.41   160818 1350.41   160818 1350.41   0 0   0 0   160818 1350.41   160818 1350.41   160818 1350.41   0 0   0 0   0.120451 0.00101145
reflector 6 1.33513e+06 100000   0.610126 0.00113209   537126 1735.14
2 6   56027.7 668.762   56027.7 668.762   56027.7 668.762   0 0   0 0   56027.7 668.762   56027.7 668.762   56027.7 668.762   0 0   0 0   160818 1350.41   160818 1350.41   160818 1350.41   0 0   0 0   160818 1350.41   160818 1350.41   160818 1350.41   0 0   0 0
#--- Sun direction: 135 0 (0.707107 -0.707107 -0)
7 1 1 100000 0
1.33513e+06 0
138882 1186.28
0.609411 0.00112499
546422 1722.81
128338 1075.84
0 0
0 0
absorber 2 405000   46180.4 611.443   46180.4 611.443   46180.4 611.443   0 0   0 0   46180.4 611.443   46180.4 611.443   46180.4 611.443   0 0   0 0   0.0345887 0.000457965   92701.7 1057.84   92701.7 1057.84   92701.7 1057.84   0 0   0 0   92701.7 1057.84   92701.7 1057.84   92701.7 1057.84   0 0   0 0   0.0694328 0.000792311
reflector 6 1.33513e+06 100000   0.609411 0.00112499   546422 1722.81
2 6   46180.4 611.443   46180.4 611.443   46180.4 611.443   0 0   0 0   46180.4 611.443   46180.4 611.443   46180.4 611.443   0 0   0 0   92701.7 1057.84   92701.7 1057.84   92701.7 1057.84   0 0   0 0   92701.7 1057.84   92701.7 1057.84   92701.7 1057.84   0 0   0 0
