#--- Sun direction: 135 0 (0.707107 -0.707107 -0)
7 1 1 10000 0
1.33513e+06 0
226930 4721.4
0.61213 0.0035664
554166 5479.98
36176 1074.17
0 0
0 0
target 2 420000   181196 4498.09   181196 4498.09   181196 4498.09   0 0   0 0   181196 4498.09   181196 4498.09   181196 4498.09   0 0   0 0   0.135714 0.00336903   45733.8 1927.74   45733.8 1927.74   45733.8 1927.74   0 0   0 0   45733.8 1927.74   45733.8 1927.74   45733.8 1927.74   0 0   0 0   0.0342542 0.00144386
reflector 6 1.33513e+06 10000   0.61213 0.0035664   554166 5479.98
2 6   181196 4498.09   181196 4498.09   181196 4498.09   0 0   0 0   181196 4498.09   181196 4498.09   181196 4498.09   0 0   0 0   45733.8 1927.74   45733.8 1927.74   45733.8 1927.74   0 0   0 0   45733.8 1927.74   45733.8 1927.74   45733.8 1927.74   0 0   0 0
#--- Sun direction: 136 0 (0.71934 -0.694658 -0)
7 1 1 10000 0
1.33513e+06 0
239926 4778.93
0.611878 0.00358833
543527 5515.01
33482.7 1013.23
0 0
0 0
target 2 420000   184042 4518.41   184042 4518.41   184042 4518.41   0 0   0 0   184042 4518.41   184042 4518.41   184042 4518.41   0 0   0 0   0.137846 0.00338425   55884.2 2116.4   55884.2 2116.4   55884.2 2116.4   0 0   0 0   55884.2 2116.4   55884.2 2116.4   55884.2 2116.4   0 0   0 0   0.0418568 0.00158517
reflector 6 1.33513e+06 10000   0.611878 0.00358833   543527 5515.01
2 6   184042 4518.41   184042 4518.41   184042 4518.41   0 0   0 0   184042 4518.41   184042 4518.41   184042 4518.41   0 0   0 0   55884.2 2116.4   55884.2 2116.4   55884.2 2116.4   0 0   0 0   55884.2 2116.4   55884.2 2116.4   55884.2 2116.4   0 0   0 0
#--- Sun direction: 137 0 (0.731354 -0.681998 -0)
7 1 1 10000 0
1.33513e+06 0
250150 4817.68
0.611261 0.00360662
535207 5538.36
30755 954.359
0 0
0 0
target 2 420000   186070 4529.68   186070 4529.68   186070 4529.68   0 0   0 0   186070 4529.68   186070 4529.68   186070 4529.68   0 0   0 0   0.139365 0.00339269   64079.8 2253.16   64079.8 2253.16   64079.8 2253.16   0 0   0 0   64079.8 2253.16   64079.8 2253.16   64079.8 2253.16   0 0   0 0   0.0479952 0.00168759
reflector 6 1.33513e+06 10000   0.611261 0.00360662   535207 5538.36
2 6   186070 4529.68   186070 4529.68   186070 4529.68   0 0   0 0   186070 4529.68   186070 4529.68   186070 4529.68   0 0   0 0   64079.8 2253.16   64079.8 2253.16   64079.8 2253.16   0 0   0 0   64079.8 2253.16   64079.8 2253.16   64079.8 2253.16   0 0   0 0
#--- Sun direction: 138 0 (0.743145 -0.669131 -0)
7 1 1 10000 0
1.33513e+06 0
260778 4858.02
0.612637 0.00362321
529485 5568.31
27686.6 886.512
0 0
0 0
target 2 420000   188595 4545.63   188595 4545.63   188595 4545.63   0 0   0 0   188595 4545.63   188595 4545.63   188595 4545.63   0 0   0 0   0.141256 0.00340464   72182.9 2379.13   72182.9 2379.13   72182.9 2379.13   0 0   0 0   72182.9 2379.13   72182.9 2379.13   72182.9 2379.13   0 0   0 0   0.0540644 0.00178195
reflector 6 1.33513e+06 10000   0.612637 0.00362321   529485 5568.31
2 6   188595 4545.63   188595 4545.63   188595 4545.63   0 0   0 0   188595 4545.63   188595 4545.63   188595 4545.63   0 0   0 0   72182.9 2379.13   72182.9 2379.13   72182.9 2379.13   0 0   0 0   72182.9 2379.13   72182.9 2379.13   72182.9 2379.13   0 0   0 0
#--- Sun direction: 139 0 (0.75471 -0.656059 -0)
7 1 1 10000 0
1.33513e+06 0
269049 4887.31
0.614072 0.00363431
525239 5593.84
25577.2 832.964
0 0
0 0
target 2 420000   190624 4555.11   190624 4555.11   190624 4555.11   0 0   0 0   190624 4555.11   190624 4555.11   190624 4555.11   0 0   0 0   0.142776 0.00341174   78425.3 2475.21   78425.3 2475.21   78425.3 2475.21   0 0   0 0   78425.3 2475.21   78425.3 2475.21   78425.3 2475.21   0 0   0 0   0.0587398 0.00185391
reflector 6 1.33513e+06 10000   0.614072 0.00363431   525239 5593.84
2 6   190624 4555.11   190624 4555.11   190624 4555.11   0 0   0 0   190624 4555.11   190624 4555.11   190624 4555.11   0 0   0 0   78425.3 2475.21   78425.3 2475.21   78425.3 2475.21   0 0   0 0   78425.3 2475.21   78425.3 2475.21   78425.3 2475.21   0 0   0 0
#--- Sun direction: 140 0 (0.766044 -0.642788 -0)
7 1 1 10000 0
1.33513e+06 0
281562 4943.44
0.616991 0.00364045
519450 5611.97
22751.4 767.199
0 0
0 0
target 2 420000   195540 4593.71   195540 4593.71   195540 4593.71   0 0   0 0   195540 4593.71   195540 4593.71   195540 4593.71   0 0   0 0   0.146458 0.00344065   86021.7 2588.36   86021.7 2588.36   86021.7 2588.36   0 0   0 0   86021.7 2588.36   86021.7 2588.36   86021.7 2588.36   0 0   0 0   0.0644295 0.00193866
reflector 6 1.33513e+06 10000   0.616991 0.00364045   519450 5611.97
2 6   195540 4593.71   195540 4593.71   195540 4593.71   0 0   0 0   195540 4593.71   195540 4593.71   195540 4593.71   0 0   0 0   86021.7 2588.36   86021.7 2588.36   86021.7 2588.36   0 0   0 0   86021.7 2588.36   86021.7 2588.36   86021.7 2588.36   0 0   0 0
#--- Sun direction: 141 0 (0.777146 -0.62932 -0)
7 1 1 10000 0
1.33513e+06 0
290563 4968.3
0.617242 0.0036461
513166 5622
20368.1 708.63
0 0
0 0
target 2 420000   197373 4601.96   197373 4601.96   197373 4601.96   0 0   0 0   197373 4601.96   197373 4601.96   197373 4601.96   0 0   0 0   0.147831 0.00344683   93189.6 2680.41   93189.6 2680.41   93189.6 2680.41   0 0   0 0   93189.6 2680.41   93189.6 2680.41   93189.6 2680.41   0 0   0 0   0.0697982 0.00200761
reflector 6 1.33513e+06 10000   0.617242 0.0036461   513166 5622
2 6   197373 4601.96   197373 4601.96   197373 4601.96   0 0   0 0   197373 4601.96   197373 4601.96   197373 4601.96   0 0   0 0   93189.6 2680.41   93189.6 2680.41   93189.6 2680.41   0 0   0 0   93189.6 2680.41   93189.6 2680.41   93189.6 2680.41   0 0   0 0
#--- Sun direction: 142 0 (0.788011 -0.615661 -0)
7 1 1 10000 0
1.33513e+06 0
302917 5013.91
0.61928 0.00363928
505838 5622.81
18064.4 648.807
0 0
0 0
target 2 420000   201726 4631.99   201726 4631.99   201726 4631.99   0 0   0 0   201726 4631.99   201726 4631.99   201726 4631.99   0 0   0 0   0.151091 0.00346932   101190 2786.86   101190 2786.86   101190 2786.86   0 0   0 0   101190 2786.86   101190 2786.86   101190 2786.86   0 0   0 0   0.0757908 0.00208733
reflector 6 1.33513e+06 10000   0.61928 0.00363928   505838 5622.81
2 6   201726 4631.99   201726 4631.99   201726 4631.99   0 0   0 0   201726 4631.99   201726 4631.99   201726 4631.99   0 0   0 0   101190 2786.86   101190 2786.86   101190 2786.86   0 0   0 0   101190 2786.86   101190 2786.86   101190 2786.86   0 0   0 0
#--- Sun direction: 143 0 (0.798636 -0.601815 -0)
7 1 1 10000 0
1.33513e+06 0
315947 5049.37
0.620308 0.00363809
496601 5628.2
15642.7 585.508
0 0
0 0
target 2 420000   205415 4656.74   205415 4656.74   205415 4656.74   0 0   0 0   205415 4656.74   205415 4656.74   205415 4656.74   0 0   0 0   0.153854 0.00348786   110532 2889.97   110532 2889.97   110532 2889.97   0 0   0 0   110532 2889.97   110532 2889.97   110532 2889.97   0 0   0 0   0.0827874 0.00216456
reflector 6 1.33513e+06 10000   0.620308 0.00363809   496601 5628.2
2 6   205415 4656.74   205415 4656.74   205415 4656.74   0 0   0 0   205415 4656.74   205415 4656.74   205415 4656.74   0 0   0 0   110532 2889.97   110532 2889.97   110532 2889.97   0 0   0 0   110532 2889.97   110532 2889.97   110532 2889.97   0 0   0 0
#--- Sun direction: 144 0 (0.809017 -0.587785 -0)
7 1 1 10000 0
1.33513e+06 0
324127 5059.84
0.620515 0.00363427
490387 5631.86
13953.9 535.584
0 0
0 0
target 2 420000   206987 4654.14   206987 4654.14   206987 4654.14   0 0   0 0   206987 4654.14   206987 4654.14   206987 4654.14   0 0   0 0   0.155032 0.00348591   117140 2964.85   117140 2964.85   117140 2964.85   0 0   0 0   117140 2964.85   117140 2964.85   117140 2964.85   0 0   0 0   0.0877368 0.00222064
reflector 6 1.33513e+06 10000   0.620515 0.00363427   490387 5631.86
2 6   206987 4654.14   206987 4654.14   206987 4654.14   0 0   0 0   206987 4654.14   206987 4654.14   206987 4654.14   0 0   0 0   117140 2964.85   117140 2964.85   117140 2964.85   0 0   0 0   117140 2964.85   117140 2964.85   117140 2964.85   0 0   0 0
#--- Sun direction: 145 0 (0.819152 -0.573576 -0)
7 1 1 10000 0
1.33513e+06 0
333661 5067.6
0.623553 0.0036166
487076 5643.48
11787.2 473.908
0 0
0 0
target 2 420000   207684 4647.13   207684 4647.13   207684 4647.13   0 0   0 0   207684 4647.13   207684 4647.13   207684 4647.13   0 0   0 0   0.155554 0.00348066   125976 3052.44   125976 3052.44   125976 3052.44   0 0   0 0   125976 3052.44   125976 3052.44   125976 3052.44   0 0   0 0   0.0943551 0.00228625
reflector 6 1.33513e+06 10000   0.623553 0.0036166   487076 5643.48
2 6   207684 4647.13   207684 4647.13   207684 4647.13   0 0   0 0   207684 4647.13   207684 4647.13   207684 4647.13   0 0   0 0   125976 3052.44   125976 3052.44   125976 3052.44   0 0   0 0   125976 3052.44   125976 3052.44   125976 3052.44   0 0   0 0
#--- Sun direction: 146 0 (0.829038 -0.559193 -0)
7 1 1 10000 0
1.33513e+06 0
344854 5095.22
0.627242 0.0036045
482437 5654.59
10157.7 422.967
0 0
0 0
target 2 420000   211195 4666.44   211195 4666.44   211195 4666.44   0 0   0 0   211195 4666.44   211195 4666.44   211195 4666.44   0 0   0 0   0.158183 0.00349513   133659 3135.48   133659 3135.48   133659 3135.48   0 0   0 0   133659 3135.48   133659 3135.48   133659 3135.48   0 0   0 0   0.10011 0.00234845
reflector 6 1.33513e+06 10000   0.627242 0.0036045   482437 5654.59
2 6   211195 4666.44   211195 4666.44   211195 4666.44   0 0   0 0   211195 4666.44   211195 4666.44   211195 4666.44   0 0   0 0   133659 3135.48   133659 3135.48   133659 3135.48   0 0   0 0   133659 3135.48   133659 3135.48   133659 3135.48   0 0   0 0
#--- Sun direction: 147 0 (0.838671 -0.544639 -0)
7 1 1 10000 0
1.33513e+06 0
352755 5104.46
0.631252 0.00359299
481498 5675.84
8550.7 371.947
0 0
0 0
target 2 420000   212126 4661.79   212126 4661.79   212126 4661.79   0 0   0 0   212126 4661.79   212126 4661.79   212126 4661.79   0 0   0 0   0.158881 0.00349164   140629 3207.7   140629 3207.7   140629 3207.7   0 0   0 0   140629 3207.7   140629 3207.7   140629 3207.7   0 0   0 0   0.10533 0.00240254
reflector 6 1.33513e+06 10000   0.631252 0.00359299   481498 5675.84
2 6   212126 4661.79   212126 4661.79   212126 4661.79   0 0   0 0   212126 4661.79   212126 4661.79   212126 4661.79   0 0   0 0   140629 3207.7   140629 3207.7   140629 3207.7   0 0   0 0   140629 3207.7   140629 3207.7   140629 3207.7   0 0   0 0
#--- Sun direction: 148 0 (0.848048 -0.529919 -0)
7 1 1 10000 0
1.33513e+06 0
362615 5120.6
0.631593 0.00357489
473404 5656.46
7238.42 328.481
0 0
0 0
target 2 420000   215807 4680.11   215807 4680.11   215807 4680.11   0 0   0 0   215807 4680.11   215807 4680.11   215807 4680.11   0 0   0 0   0.161638 0.00350536   146808 3263.98   146808 3263.98   146808 3263.98   0 0   0 0   146808 3263.98   146808 3263.98   146808 3263.98   0 0   0 0   0.109958 0.0024447
reflector 6 1.33513e+06 10000   0.631593 0.00357489   473404 5656.46
2 6   215807 4680.11   215807 4680.11   215807 4680.11   0 0   0 0   215807 4680.11   215807 4680.11   215807 4680.11   0 0   0 0   146808 3263.98   146808 3263.98   146808 3263.98   0 0   0 0   146808 3263.98   146808 3263.98   146808 3263.98   0 0   0 0
#--- Sun direction: 149 0 (0.857167 -0.515038 -0)
7 1 1 10000 0
1.33513e+06 0
372105 5134.27
0.632619 0.00355374
466703 5637.62
5819.69 278.549
0 0
0 0
target 2 420000   218636 4692.78   218636 4692.78   218636 4692.78   0 0   0 0   218636 4692.78   218636 4692.78   218636 4692.78   0 0   0 0   0.163756 0.00351485   153469 3324.05   153469 3324.05   153469 3324.05   0 0   0 0   153469 3324.05   153469 3324.05   153469 3324.05   0 0   0 0   0.114947 0.00248968
reflector 6 1.33513e+06 10000   0.632619 0.00355374   466703 5637.62
2 6   218636 4692.78   218636 4692.78   218636 4692.78   0 0   0 0   218636 4692.78   218636 4692.78   218636 4692.78   0 0   0 0   153469 3324.05   153469 3324.05   153469 3324.05   0 0   0 0   153469 3324.05   153469 3324.05   153469 3324.05   0 0   0 0
#--- Sun direction: 150 0 (0.866025 -0.5 -0)
7 1 1 10000 0
1.33513e+06 0
379681 5153.97
0.634449 0.00354316
462692 5629.01
4698.26 236.085
0 0
0 0
target 2 420000   223171 4721.18   223171 4721.18   223171 4721.18   0 0   0 0   223171 4721.18   223171 4721.18   223171 4721.18   0 0   0 0   0.167153 0.00353612   156510 3355.53   156510 3355.53   156510 3355.53   0 0   0 0   156510 3355.53   156510 3355.53   156510 3355.53   0 0   0 0   0.117225 0.00251327
reflector 6 1.33513e+06 10000   0.634449 0.00354316   462692 5629.01
2 6   223171 4721.18   223171 4721.18   223171 4721.18   0 0   0 0   223171 4721.18   223171 4721.18   223171 4721.18   0 0   0 0   156510 3355.53   156510 3355.53   156510 3355.53   0 0   0 0   156510 3355.53   156510 3355.53   156510 3355.53   0 0   0 0
#--- Sun direction: 151 0 (0.87462 -0.48481 -0)
7 1 1 10000 0
1.33513e+06 0
389218 5153.73
0.636193 0.00350718
456687 5609.85
3493.61 190.123
0 0
0 0
target 2 420000   223608 4710.21   223608 4710.21   223608 4710.21   0 0   0 0   223608 4710.21   223608 4710.21   223608 4710.21   0 0   0 0   0.16748 0.00352791   165611 3432.38   165611 3432.38   165611 3432.38   0 0   0 0   165611 3432.38   165611 3432.38   165611 3432.38   0 0   0 0   0.124041 0.00257082
reflector 6 1.33513e+06 10000   0.636193 0.00350718   456687 5609.85
2 6   223608 4710.21   223608 4710.21   223608 4710.21   0 0   0 0   223608 4710.21   223608 4710.21   223608 4710.21   0 0   0 0   165611 3432.38   165611 3432.38   165611 3432.38   0 0   0 0   165611 3432.38   165611 3432.38   165611 3432.38   0 0   0 0
#--- Sun direction: 152 0 (0.882948 -0.469472 -0)
7 1 1 10000 0
1.33513e+06 0
393152 5145.44
0.63791 0.00347268
456000 5593.35
2539.97 150.519
0 0
0 0
target 2 420000   225943 4710.08   225943 4710.08   225943 4710.08   0 0   0 0   225943 4710.08   225943 4710.08   225943 4710.08   0 0   0 0   0.16923 0.00352781   167209 3441.9   167209 3441.9   167209 3441.9   0 0   0 0   167209 3441.9   167209 3441.9   167209 3441.9   0 0   0 0   0.125238 0.00257795
reflector 6 1.33513e+06 10000   0.63791 0.00347268   456000 5593.35
2 6   225943 4710.08   225943 4710.08   225943 4710.08   0 0   0 0   225943 4710.08   225943 4710.08   225943 4710.08   0 0   0 0   167209 3441.9   167209 3441.9   167209 3441.9   0 0   0 0   167209 3441.9   167209 3441.9   167209 3441.9   0 0   0 0
#--- Sun direction: 153 0 (0.891007 -0.45399 -0)
7 1 1 10000 0
1.33513e+06 0
401512 5152.1
0.641935 0.00343899
453756 5591.94
1798.7 114.72
0 0
0 0
target 2 420000   229941 4727.64   229941 4727.64   229941 4727.64   0 0   0 0   229941 4727.64   229941 4727.64   229941 4727.64   0 0   0 0   0.172224 0.00354096   171571 3476.17   171571 3476.17   171571 3476.17   0 0   0 0   171571 3476.17   171571 3476.17   171571 3476.17   0 0   0 0   0.128505 0.00260362
reflector 6 1.33513e+06 10000   0.641935 0.00343899   453756 5591.94
2 6   229941 4727.64   229941 4727.64   229941 4727.64   0 0   0 0   229941 4727.64   229941 4727.64   229941 4727.64   0 0   0 0   171571 3476.17   171571 3476.17   171571 3476.17   0 0   0 0   171571 3476.17   171571 3476.17   171571 3476.17   0 0   0 0
#--- Sun direction: 154 0 (0.898794 -0.438371 -0)
7 1 1 10000 0
1.33513e+06 0
413468 5176.59
0.647099 0.003391
449326 5572.38
1165.74 81.5137
0 0
0 0
target 2 420000   234863 4755.04   234863 4755.04   234863 4755.04   0 0   0 0   234863 4755.04   234863 4755.04   234863 4755.04   0 0   0 0   0.175911 0.00356148   178605 3546.29   178605 3546.29   178605 3546.29   0 0   0 0   178605 3546.29   178605 3546.29   178605 3546.29   0 0   0 0   0.133773 0.00265614
reflector 6 1.33513e+06 10000   0.647099 0.003391   449326 5572.38
2 6   234863 4755.04   234863 4755.04   234863 4755.04   0 0   0 0   234863 4755.04   234863 4755.04   234863 4755.04   0 0   0 0   178605 3546.29   178605 3546.29   178605 3546.29   0 0   0 0   178605 3546.29   178605 3546.29   178605 3546.29   0 0   0 0
#--- Sun direction: 155 0 (0.906308 -0.422618 -0)
7 1 1 10000 0
1.33513e+06 0
422705 5186.72
0.651838 0.00333335
446941 5549.61
641.22 51.3149
0 0
0 0
target 2 420000   238557 4775.36   238557 4775.36   238557 4775.36   0 0   0 0   238557 4775.36   238557 4775.36   238557 4775.36   0 0   0 0   0.178677 0.0035767   184148 3589.43   184148 3589.43   184148 3589.43   0 0   0 0   184148 3589.43   184148 3589.43   184148 3589.43   0 0   0 0   0.137925 0.00268845
reflector 6 1.33513e+06 10000   0.651838 0.00333335   446941 5549.61
2 6   238557 4775.36   238557 4775.36   238557 4775.36   0 0   0 0   238557 4775.36   238557 4775.36   238557 4775.36   0 0   0 0   184148 3589.43   184148 3589.43   184148 3589.43   0 0   0 0   184148 3589.43   184148 3589.43   184148 3589.43   0 0   0 0
#--- Sun direction: 156 0 (0.913545 -0.406737 -0)
7 1 1 10000 0
1.33513e+06 0
430878 5184.27
0.654503 0.00327163
442581 5512.9
387.065 135.942
0 0
0 0
target 2 420000   239562 4764.43   239562 4764.43   239562 4764.43   0 0   0 0   239562 4764.43   239562 4764.43   239562 4764.43   0 0   0 0   0.17943 0.00356852   191316 3652.84   191316 3652.84   191316 3652.84   0 0   0 0   191316 3652.84   191316 3652.84   191316 3652.84   0 0   0 0   0.143294 0.00273595
reflector 6 1.33513e+06 10000   0.654503 0.00327163   442581 5512.9
2 6   239562 4764.43   239562 4764.43   239562 4764.43   0 0   0 0   239562 4764.43   239562 4764.43   239562 4764.43   0 0   0 0   191316 3652.84   191316 3652.84   191316 3652.84   0 0   0 0   191316 3652.84   191316 3652.84   191316 3652.84   0 0   0 0
#--- Sun direction: 157 0 (0.920505 -0.390731 -0)
7 1 1 10000 0
1.33513e+06 0
440098 5193.38
0.658583 0.00320325
439166 5475.37
28.9332 2.98625
0 0
0 0
target 2 420000   242873 4771.47   242873 4771.47   242873 4771.47   0 0   0 0   242873 4771.47   242873 4771.47   242873 4771.47   0 0   0 0   0.18191 0.00357379   197225 3712.74   197225 3712.74   197225 3712.74   0 0   0 0   197225 3712.74   197225 3712.74   197225 3712.74   0 0   0 0   0.14772 0.00278081
reflector 6 1.33513e+06 10000   0.658583 0.00320325   439166 5475.37
2 6   242873 4771.47   242873 4771.47   242873 4771.47   0 0   0 0   242873 4771.47   242873 4771.47   242873 4771.47   0 0   0 0   197225 3712.74   197225 3712.74   197225 3712.74   0 0   0 0   197225 3712.74   197225 3712.74   197225 3712.74   0 0   0 0
#--- Sun direction: 158 0 (0.927184 -0.374607 -0)
7 1 1 10000 0
1.33513e+06 0
446104 5192.07
0.663723 0.00312092
438717 5441.11
1335.13 421.994
0 0
0 0
target 2 420000   245333 4766.63   245333 4766.63   245333 4766.63   0 0   0 0   245333 4766.63   245333 4766.63   245333 4766.63   0 0   0 0   0.183753 0.00357016   200770 3753.4   200770 3753.4   200770 3753.4   0 0   0 0   200770 3753.4   200770 3753.4   200770 3753.4   0 0   0 0   0.150375 0.00281126
reflector 6 1.33513e+06 10000   0.663723 0.00312092   438717 5441.11
2 6   245333 4766.63   245333 4766.63   245333 4766.63   0 0   0 0   245333 4766.63   245333 4766.63   245333 4766.63   0 0   0 0   200770 3753.4   200770 3753.4   200770 3753.4   0 0   0 0   200770 3753.4   200770 3753.4   200770 3753.4   0 0   0 0
#--- Sun direction: 159 0 (0.93358 -0.358368 -0)
7 1 1 10000 0
1.33513e+06 0
457574 5205.02
0.668379 0.0030351
434798 5396.2
0 0
0 0
0 0
target 2 420000   250084 4785.9   250084 4785.9   250084 4785.9   0 0   0 0   250084 4785.9   250084 4785.9   250084 4785.9   0 0   0 0   0.18731 0.0035846   207491 3816.46   207491 3816.46   207491 3816.46   0 0   0 0   207491 3816.46   207491 3816.46   207491 3816.46   0 0   0 0   0.155409 0.00285849
reflector 6 1.33513e+06 10000   0.668379 0.0030351   434798 5396.2
2 6   250084 4785.9   250084 4785.9   250084 4785.9   0 0   0 0   250084 4785.9   250084 4785.9   250084 4785.9   0 0   0 0   207491 3816.46   207491 3816.46   207491 3816.46   0 0   0 0   207491 3816.46   207491 3816.46   207491 3816.46   0 0   0 0
#--- Sun direction: 160 0 (0.939693 -0.34202 -0)
7 1 1 10000 0
1.33513e+06 0
464798 5208.36
0.672742 0.00295655
432599 5357.78
801.07 326.937
0 0
0 0
target 2 420000   252027 4783.96   252027 4783.96   252027 4783.96   0 0   0 0   252027 4783.96   252027 4783.96   252027 4783.96   0 0   0 0   0.188766 0.00358315   212771 3868.52   212771 3868.52   212771 3868.52   0 0   0 0   212771 3868.52   212771 3868.52   212771 3868.52   0 0   0 0   0.159364 0.00289749
reflector 6 1.33513e+06 10000   0.672742 0.00295655   432599 5357.78
2 6   252027 4783.96   252027 4783.96   252027 4783.96   0 0   0 0   252027 4783.96   252027 4783.96   252027 4783.96   0 0   0 0   212771 3868.52   212771 3868.52   212771 3868.52   0 0   0 0   212771 3868.52   212771 3868.52   212771 3868.52   0 0   0 0
#--- Sun direction: 161 0 (0.945519 -0.325568 -0)
7 1 1 10000 0
1.33513e+06 0
477796 5220.95
0.676073 0.00288272
424848 5305.95
0 0
0 0
0 0
target 2 420000   255815 4799.47   255815 4799.47   255815 4799.47   0 0   0 0   255815 4799.47   255815 4799.47   255815 4799.47   0 0   0 0   0.191603 0.00359476   221981 3947.23   221981 3947.23   221981 3947.23   0 0   0 0   221981 3947.23   221981 3947.23   221981 3947.23   0 0   0 0   0.166262 0.00295644
reflector 6 1.33513e+06 10000   0.676073 0.00288272   424848 5305.95
2 6   255815 4799.47   255815 4799.47   255815 4799.47   0 0   0 0   255815 4799.47   255815 4799.47   255815 4799.47   0 0   0 0   221981 3947.23   221981 3947.23   221981 3947.23   0 0   0 0   221981 3947.23   221981 3947.23   221981 3947.23   0 0   0 0
#--- Sun direction: 162 0 (0.951057 -0.309017 -0)
7 1 1 10000 0
1.33513e+06 0
485812 5222.83
0.678747 0.00281321
420403 5260.87
0 0
0 0
0 0
target 2 420000   258197 4800.63   258197 4800.63   258197 4800.63   0 0   0 0   258197 4800.63   258197 4800.63   258197 4800.63   0 0   0 0   0.193387 0.00359563   227615 3998.23   227615 3998.23   227615 3998.23   0 0   0 0   227615 3998.23   227615 3998.23   227615 3998.23   0 0   0 0   0.170481 0.00299464
reflector 6 1.33513e+06 10000   0.678747 0.00281321   420403 5260.87
2 6   258197 4800.63   258197 4800.63   258197 4800.63   0 0   0 0   258197 4800.63   258197 4800.63   258197 4800.63   0 0   0 0   227615 3998.23   227615 3998.23   227615 3998.23   0 0   0 0   227615 3998.23   227615 3998.23   227615 3998.23   0 0   0 0
#--- Sun direction: 163 0 (0.956305 -0.292372 -0)
7 1 1 10000 0
1.33513e+06 0
494725 5224.65
0.682351 0.00273989
416301 5222.62
0 0
0 0
0 0
target 2 420000   260141 4795.99   260141 4795.99   260141 4795.99   0 0   0 0   260141 4795.99   260141 4795.99   260141 4795.99   0 0   0 0   0.194843 0.00359216   234584 4062.07   234584 4062.07   234584 4062.07   0 0   0 0   234584 4062.07   234584 4062.07   234584 4062.07   0 0   0 0   0.175701 0.00304245
reflector 6 1.33513e+06 10000   0.682351 0.00273989   416301 5222.62
2 6   260141 4795.99   260141 4795.99   260141 4795.99   0 0   0 0   260141 4795.99   260141 4795.99   260141 4795.99   0 0   0 0   234584 4062.07   234584 4062.07   234584 4062.07   0 0   0 0   234584 4062.07   234584 4062.07   234584 4062.07   0 0   0 0
#--- Sun direction: 164 0 (0.961262 -0.275637 -0)
7 1 1 10000 0
1.33513e+06 0
502022 5223.01
0.685519 0.00266786
413234 5186.34
0 0
0 0
0 0
target 2 420000   261426 4784.87   261426 4784.87   261426 4784.87   0 0   0 0   261426 4784.87   261426 4784.87   261426 4784.87   0 0   0 0   0.195806 0.00358383   240595 4118.79   240595 4118.79   240595 4118.79   0 0   0 0   240595 4118.79   240595 4118.79   240595 4118.79   0 0   0 0   0.180204 0.00308494
reflector 6 1.33513e+06 10000   0.685519 0.00266786   413234 5186.34
2 6   261426 4784.87   261426 4784.87   261426 4784.87   0 0   0 0   261426 4784.87   261426 4784.87   261426 4784.87   0 0   0 0   240595 4118.79   240595 4118.79   240595 4118.79   0 0   0 0   240595 4118.79   240595 4118.79   240595 4118.79   0 0   0 0
#--- Sun direction: 165 0 (0.965926 -0.258819 -0)
7 1 1 10000 0
1.33513e+06 0
508348 5223.13
0.689303 0.00259379
410759 5151.1
1201.59 400.35
0 0
0 0
target 2 420000   262513 4773.48   262513 4773.48   262513 4773.48   0 0   0 0   262513 4773.48   262513 4773.48   262513 4773.48   0 0   0 0   0.19662 0.00357529   245835 4171.57   245835 4171.57   245835 4171.57   0 0   0 0   245835 4171.57   245835 4171.57   245835 4171.57   0 0   0 0   0.184128 0.00312447
reflector 6 1.33513e+06 10000   0.689303 0.00259379   410759 5151.1
2 6   262513 4773.48   262513 4773.48   262513 4773.48   0 0   0 0   262513 4773.48   262513 4773.48   262513 4773.48   0 0   0 0   245835 4171.57   245835 4171.57   245835 4171.57   0 0   0 0   245835 4171.57   245835 4171.57   245835 4171.57   0 0   0 0
#--- Sun direction: 166 0 (0.970296 -0.241922 -0)
7 1 1 10000 0
1.33513e+06 0
514690 5224.78
0.692008 0.00252809
409229 5120.52
0 0
0 0
0 0
target 2 420000   263850 4764.01   263850 4764.01   263850 4764.01   0 0   0 0   263850 4764.01   263850 4764.01   263850 4764.01   0 0   0 0   0.197621 0.0035682   250840 4223.67   250840 4223.67   250840 4223.67   0 0   0 0   250840 4223.67   250840 4223.67   250840 4223.67   0 0   0 0   0.187877 0.00316349
reflector 6 1.33513e+06 10000   0.692008 0.00252809   409229 5120.52
2 6   263850 4764.01   263850 4764.01   263850 4764.01   0 0   0 0   263850 4764.01   263850 4764.01   263850 4764.01   0 0   0 0   250840 4223.67   250840 4223.67   250840 4223.67   0 0   0 0   250840 4223.67   250840 4223.67   250840 4223.67   0 0   0 0
#--- Sun direction: 167 0 (0.97437 -0.224951 -0)
7 1 1 10000 0
1.33513e+06 0
521173 5226.07
0.694503 0.0024639
403808 5071.29
2269.71 550.017
0 0
0 0
target 2 420000   265369 4756.83   265369 4756.83   265369 4756.83   0 0   0 0   265369 4756.83   265369 4756.83   265369 4756.83   0 0   0 0   0.198759 0.00356282   255804 4273.28   255804 4273.28   255804 4273.28   0 0   0 0   255804 4273.28   255804 4273.28   255804 4273.28   0 0   0 0   0.191595 0.00320065
reflector 6 1.33513e+06 10000   0.694503 0.0024639   403808 5071.29
2 6   265369 4756.83   265369 4756.83   265369 4756.83   0 0   0 0   265369 4756.83   265369 4756.83   265369 4756.83   0 0   0 0   255804 4273.28   255804 4273.28   255804 4273.28   0 0   0 0   255804 4273.28   255804 4273.28   255804 4273.28   0 0   0 0
#--- Sun direction: 168 0 (0.978148 -0.207912 -0)
7 1 1 10000 0
1.33513e+06 0
531384 5246.29
0.696929 0.00239904
399107 5015.13
0 0
0 0
0 0
target 2 420000   271531 4794.07   271531 4794.07   271531 4794.07   0 0   0 0   271531 4794.07   271531 4794.07   271531 4794.07   0 0   0 0   0.203374 0.00359072   259853 4318.81   259853 4318.81   259853 4318.81   0 0   0 0   259853 4318.81   259853 4318.81   259853 4318.81   0 0   0 0   0.194627 0.00323475
reflector 6 1.33513e+06 10000   0.696929 0.00239904   399107 5015.13
2 6   271531 4794.07   271531 4794.07   271531 4794.07   0 0   0 0   271531 4794.07   271531 4794.07   271531 4794.07   0 0   0 0   259853 4318.81   259853 4318.81   259853 4318.81   0 0   0 0   259853 4318.81   259853 4318.81   259853 4318.81   0 0   0 0
#--- Sun direction: 169 0 (0.981627 -0.190809 -0)
7 1 1 10000 0
1.33513e+06 0
536556 5243.08
0.699029 0.00234199
392866 4964.93
3871.87 717.946
0 0
0 0
target 2 420000   270308 4763.92   270308 4763.92   270308 4763.92   0 0   0 0   270308 4763.92   270308 4763.92   270308 4763.92   0 0   0 0   0.202458 0.00356813   266248 4380.5   266248 4380.5   266248 4380.5   0 0   0 0   266248 4380.5   266248 4380.5   266248 4380.5   0 0   0 0   0.199418 0.00328096
reflector 6 1.33513e+06 10000   0.699029 0.00234199   392866 4964.93
2 6   270308 4763.92   270308 4763.92   270308 4763.92   0 0   0 0   270308 4763.92   270308 4763.92   270308 4763.92   0 0   0 0   266248 4380.5   266248 4380.5   266248 4380.5   0 0   0 0   266248 4380.5   266248 4380.5   266248 4380.5   0 0   0 0
#--- Sun direction: 170 0 (0.984808 -0.173648 -0)
7 1 1 10000 0
1.33513e+06 0
549908 5260.55
0.700678 0.00228783
385588 4905.55
0 0
0 0
0 0
target 2 420000   280094 4821.5   280094 4821.5   280094 4821.5   0 0   0 0   280094 4821.5   280094 4821.5   280094 4821.5   0 0   0 0   0.209788 0.00361126   269814 4420.55   269814 4420.55   269814 4420.55   0 0   0 0   269814 4420.55   269814 4420.55   269814 4420.55   0 0   0 0   0.202089 0.00331095
reflector 6 1.33513e+06 10000   0.700678 0.00228783   385588 4905.55
2 6   280094 4821.5   280094 4821.5   280094 4821.5   0 0   0 0   280094 4821.5   280094 4821.5   280094 4821.5   0 0   0 0   269814 4420.55   269814 4420.55   269814 4420.55   0 0   0 0   269814 4420.55   269814 4420.55   269814 4420.55   0 0   0 0
#--- Sun direction: 171 0 (0.987688 -0.156434 -0)
7 1 1 10000 0
1.33513e+06 0
556849 5268.87
0.703406 0.00223782
378283 4848.82
4005.36 730.177
0 0
0 0
target 2 420000   280346 4807.54   280346 4807.54   280346 4807.54   0 0   0 0   280346 4807.54   280346 4807.54   280346 4807.54   0 0   0 0   0.209977 0.00360081   276503 4489.08   276503 4489.08   276503 4489.08   0 0   0 0   276503 4489.08   276503 4489.08   276503 4489.08   0 0   0 0   0.207098 0.00336228
reflector 6 1.33513e+06 10000   0.703406 0.00223782   378283 4848.82
2 6   280346 4807.54   280346 4807.54   280346 4807.54   0 0   0 0   280346 4807.54   280346 4807.54   280346 4807.54   0 0   0 0   276503 4489.08   276503 4489.08   276503 4489.08   0 0   0 0   276503 4489.08   276503 4489.08   276503 4489.08   0 0   0 0
#--- Sun direction: 172 0 (0.990268 -0.139173 -0)
7 1 1 10000 0
1.33513e+06 0
572074 5288.62
0.70586 0.00219029
370340 4791.09
0 0
0 0
0 0
target 2 420000   289836 4864.25   289836 4864.25   289836 4864.25   0 0   0 0   289836 4864.25   289836 4864.25   289836 4864.25   0 0   0 0   0.217085 0.00364328   282238 4546.33   282238 4546.33   282238 4546.33   0 0   0 0   282238 4546.33   282238 4546.33   282238 4546.33   0 0   0 0   0.211394 0.00340516
reflector 6 1.33513e+06 10000   0.70586 0.00219029   370340 4791.09
2 6   289836 4864.25   289836 4864.25   289836 4864.25   0 0   0 0   289836 4864.25   289836 4864.25   289836 4864.25   0 0   0 0   282238 4546.33   282238 4546.33   282238 4546.33   0 0   0 0   282238 4546.33   282238 4546.33   282238 4546.33   0 0   0 0
#--- Sun direction: 173 0 (0.992546 -0.121869 -0)
7 1 1 10000 0
1.33513e+06 0
574923 5285.25
0.706877 0.00214783
366579 4750.28
2269.66 550.005
0 0
0 0
target 2 420000   289563 4841.37   289563 4841.37   289563 4841.37   0 0   0 0   289563 4841.37   289563 4841.37   289563 4841.37   0 0   0 0   0.21688 0.00362614   285360 4584.87   285360 4584.87   285360 4584.87   0 0   0 0   285360 4584.87   285360 4584.87   285360 4584.87   0 0   0 0   0.213733 0.00343403
reflector 6 1.33513e+06 10000   0.706877 0.00214783   366579 4750.28
2 6   289563 4841.37   289563 4841.37   289563 4841.37   0 0   0 0   289563 4841.37   289563 4841.37   289563 4841.37   0 0   0 0   285360 4584.87   285360 4584.87   285360 4584.87   0 0   0 0   285360 4584.87   285360 4584.87   285360 4584.87   0 0   0 0
#--- Sun direction: 174 0 (0.994522 -0.104528 -0)
7 1 1 10000 0
1.33513e+06 0
586266 5299.37
0.708361 0.00210979
358286 4682.76
1201.55 400.337
0 0
0 0
target 2 420000   295098 4870.47   295098 4870.47   295098 4870.47   0 0   0 0   295098 4870.47   295098 4870.47   295098 4870.47   0 0   0 0   0.221026 0.00364794   291168 4641.82   291168 4641.82   291168 4641.82   0 0   0 0   291168 4641.82   291168 4641.82   291168 4641.82   0 0   0 0   0.218082 0.00347668
reflector 6 1.33513e+06 10000   0.708361 0.00210979   358286 4682.76
2 6   295098 4870.47   295098 4870.47   295098 4870.47   0 0   0 0   295098 4870.47   295098 4870.47   295098 4870.47   0 0   0 0   291168 4641.82   291168 4641.82   291168 4641.82   0 0   0 0   291168 4641.82   291168 4641.82   291168 4641.82   0 0   0 0
#--- Sun direction: 175 0 (0.996195 -0.0871557 -0)
7 1 1 10000 0
1.33513e+06 0
594150 5305.73
0.710098 0.00207598
351653 4630.91
2269.59 549.988
0 0
0 0
target 2 420000   297116 4865.26   297116 4865.26   297116 4865.26   0 0   0 0   297116 4865.26   297116 4865.26   297116 4865.26   0 0   0 0   0.222537 0.00364403   297034 4704.34   297034 4704.34   297034 4704.34   0 0   0 0   297034 4704.34   297034 4704.34   297034 4704.34   0 0   0 0   0.222476 0.00352351
reflector 6 1.33513e+06 10000   0.710098 0.00207598   351653 4630.91
2 6   297116 4865.26   297116 4865.26   297116 4865.26   0 0   0 0   297116 4865.26   297116 4865.26   297116 4865.26   0 0   0 0   297034 4704.34   297034 4704.34   297034 4704.34   0 0   0 0   297034 4704.34   297034 4704.34   297034 4704.34   0 0   0 0
#--- Sun direction: 176 0 (0.997564 -0.0697565 -0)
7 1 1 10000 0
1.33513e+06 0
600893 5306.16
0.710363 0.00205082
343795 4568.08
3738.27 705.478
0 0
0 0
target 2 420000   296473 4845.7   296473 4845.7   296473 4845.7   0 0   0 0   296473 4845.7   296473 4845.7   296473 4845.7   0 0   0 0   0.222056 0.00362939   304420 4767.07   304420 4767.07   304420 4767.07   0 0   0 0   304420 4767.07   304420 4767.07   304420 4767.07   0 0   0 0   0.228008 0.0035705
reflector 6 1.33513e+06 10000   0.710363 0.00205082   343795 4568.08
2 6   296473 4845.7   296473 4845.7   296473 4845.7   0 0   0 0   296473 4845.7   296473 4845.7   296473 4845.7   0 0   0 0   304420 4767.07   304420 4767.07   304420 4767.07   0 0   0 0   304420 4767.07   304420 4767.07   304420 4767.07   0 0   0 0
#--- Sun direction: 177 0 (0.99863 -0.052336 -0)
7 1 1 10000 0
1.33513e+06 0
612306 5317.13
0.710991 0.00202994
335624 4499.94
1335 421.952
0 0
0 0
target 2 420000   302869 4884.4   302869 4884.4   302869 4884.4   0 0   0 0   302869 4884.4   302869 4884.4   302869 4884.4   0 0   0 0   0.226846 0.00365838   309437 4812.3   309437 4812.3   309437 4812.3   0 0   0 0   309437 4812.3   309437 4812.3   309437 4812.3   0 0   0 0   0.231765 0.00360437
reflector 6 1.33513e+06 10000   0.710991 0.00202994   335624 4499.94
2 6   302869 4884.4   302869 4884.4   302869 4884.4   0 0   0 0   302869 4884.4   302869 4884.4   302869 4884.4   0 0   0 0   309437 4812.3   309437 4812.3   309437 4812.3   0 0   0 0   309437 4812.3   309437 4812.3   309437 4812.3   0 0   0 0
#--- Sun direction: 178 0 (0.999391 -0.0348995 -0)
7 1 1 10000 0
1.33513e+06 0
616827 5313.68
0.711584 0.00201475
327354 4439.97
5874.53 883.669
0 0
0 0
target 2 420000   302762 4863.08   302762 4863.08   302762 4863.08   0 0   0 0   302762 4863.08   302762 4863.08   302762 4863.08   0 0   0 0   0.226766 0.0036424   314065 4858.3   314065 4858.3   314065 4858.3   0 0   0 0   314065 4858.3   314065 4858.3   314065 4858.3   0 0   0 0   0.235232 0.00363882
reflector 6 1.33513e+06 10000   0.711584 0.00201475   327354 4439.97
2 6   302762 4863.08   302762 4863.08   302762 4863.08   0 0   0 0   302762 4863.08   302762 4863.08   302762 4863.08   0 0   0 0   314065 4858.3   314065 4858.3   314065 4858.3   0 0   0 0   314065 4858.3   314065 4858.3   314065 4858.3   0 0   0 0
#--- Sun direction: 179 0 (0.999848 -0.0174524 -0)
7 1 1 10000 0
1.33513e+06 0
627860 5322.33
0.711914 0.00200435
321568 4390.27
1067.94 377.423
0 0
0 0
target 2 420000   308074 4892.12   308074 4892.12   308074 4892.12   0 0   0 0   308074 4892.12   308074 4892.12   308074 4892.12   0 0   0 0   0.230745 0.00366415   319786 4908.96   319786 4908.96   319786 4908.96   0 0   0 0   319786 4908.96   319786 4908.96   319786 4908.96   0 0   0 0   0.239517 0.00367677
reflector 6 1.33513e+06 10000   0.711914 0.00200435   321568 4390.27
2 6   308074 4892.12   308074 4892.12   308074 4892.12   0 0   0 0   308074 4892.12   308074 4892.12   308074 4892.12   0 0   0 0   319786 4908.96   319786 4908.96   319786 4908.96   0 0   0 0   319786 4908.96   319786 4908.96   319786 4908.96   0 0   0 0
#--- Sun direction: 180 0 (1 -1.22465e-16 -0)
7 1 1 10000 0
1.33513e+06 0
616608 5320.73
0.711339 0.00200266
315898 4328.79
17223.2 1506.6
0 0
0 0
target 2 420000   301782 4833.85   301782 4833.85   301782 4833.85   0 0   0 0   301782 4833.85   301782 4833.85   301782 4833.85   0 0   0 0   0.226032 0.00362051   314826 4893.45   314826 4893.45   314826 4893.45   0 0   0 0   314826 4893.45   314826 4893.45   314826 4893.45   0 0   0 0   0.235802 0.00366515
reflector 6 1.33513e+06 10000   0.711339 0.00200266   315898 4328.79
2 6   301782 4833.85   301782 4833.85   301782 4833.85   0 0   0 0   301782 4833.85   301782 4833.85   301782 4833.85   0 0   0 0   314826 4893.45   314826 4893.45   314826 4893.45   0 0   0 0   314826 4893.45   314826 4893.45   314826 4893.45   0 0   0 0
#--- Sun direction: 181 0 (0.999848 0.0174524 -0)
7 1 1 10000 0
1.33513e+06 0
629246 5325.76
0.711819 0.00200596
320056 4375.87
1067.94 377.423
0 0
0 0
target 2 420000   306413 4850.73   306413 4850.73   306413 4850.73   0 0   0 0   306413 4850.73   306413 4850.73   306413 4850.73   0 0   0 0   0.229501 0.00363315   322833 4961.68   322833 4961.68   322833 4961.68   0 0   0 0   322833 4961.68   322833 4961.68   322833 4961.68   0 0   0 0   0.241799 0.00371625
reflector 6 1.33513e+06 10000   0.711819 0.00200596   320056 4375.87
2 6   306413 4850.73   306413 4850.73   306413 4850.73   0 0   0 0   306413 4850.73   306413 4850.73   306413 4850.73   0 0   0 0   322833 4961.68   322833 4961.68   322833 4961.68   0 0   0 0   322833 4961.68   322833 4961.68   322833 4961.68   0 0   0 0
#--- Sun direction: 182 0 (0.999391 0.0348995 -0)
7 1 1 10000 0
1.33513e+06 0
613407 5319.79
0.710075 0.00201751
328493 4426.78
6141.56 903.438
0 0
0 0
target 2 420000   301821 4802.06   301821 4802.06   301821 4802.06   0 0   0 0   301821 4802.06   301821 4802.06   301821 4802.06   0 0   0 0   0.226062 0.0035967   311586 4903.98   311586 4903.98   311586 4903.98   0 0   0 0   311586 4903.98   311586 4903.98   311586 4903.98   0 0   0 0   0.233375 0.00367304
reflector 6 1.33513e+06 10000   0.710075 0.00201751   328493 4426.78
2 6   301821 4802.06   301821 4802.06   301821 4802.06   0 0   0 0   301821 4802.06   301821 4802.06   301821 4802.06   0 0   0 0   311586 4903.98   311586 4903.98   311586 4903.98   0 0   0 0   311586 4903.98   311586 4903.98   311586 4903.98   0 0   0 0
#--- Sun direction: 183 0 (0.99863 0.052336 -0)
7 1 1 10000 0
1.33513e+06 0
610573 5315.63
0.709109 0.00203259
334577 4478.22
1602 462.179
0 0
0 0
target 2 420000   296716 4746.03   296716 4746.03   296716 4746.03   0 0   0 0   296716 4746.03   296716 4746.03   296716 4746.03   0 0   0 0   0.222237 0.00355474   313857 4935.22   313857 4935.22   313857 4935.22   0 0   0 0   313857 4935.22   313857 4935.22   313857 4935.22   0 0   0 0   0.235076 0.00369644
reflector 6 1.33513e+06 10000   0.709109 0.00203259   334577 4478.22
2 6   296716 4746.03   296716 4746.03   296716 4746.03   0 0   0 0   296716 4746.03   296716 4746.03   296716 4746.03   0 0   0 0   313857 4935.22   313857 4935.22   313857 4935.22   0 0   0 0   313857 4935.22   313857 4935.22   313857 4935.22   0 0   0 0
#--- Sun direction: 184 0 (0.997564 0.0697565 -0)
7 1 1 10000 0
1.33513e+06 0
601857 5312.98
0.70926 0.00205162
341892 4539.54
3204.23 653.276
0 0
0 0
target 2 420000   294424 4719.37   294424 4719.37   294424 4719.37   0 0   0 0   294424 4719.37   294424 4719.37   294424 4719.37   0 0   0 0   0.220521 0.00353476   307433 4904.94   307433 4904.94   307433 4904.94   0 0   0 0   307433 4904.94   307433 4904.94   307433 4904.94   0 0   0 0   0.230265 0.00367376
reflector 6 1.33513e+06 10000   0.70926 0.00205162   341892 4539.54
2 6   294424 4719.37   294424 4719.37   294424 4719.37   0 0   0 0   294424 4719.37   294424 4719.37   294424 4719.37   0 0   0 0   307433 4904.94   307433 4904.94   307433 4904.94   0 0   0 0   307433 4904.94   307433 4904.94   307433 4904.94   0 0   0 0
#--- Sun direction: 185 0 (0.996195 0.0871557 -0)
7 1 1 10000 0
1.33513e+06 0
597451 5309.03
0.70853 0.00208028
346525 4587.58
2002.58 516.676
0 0
0 0
target 2 420000   291328 4681.13   291328 4681.13   291328 4681.13   0 0   0 0   291328 4681.13   291328 4681.13   291328 4681.13   0 0   0 0   0.218202 0.00350613   306123 4910.11   306123 4910.11   306123 4910.11   0 0   0 0   306123 4910.11   306123 4910.11   306123 4910.11   0 0   0 0   0.229283 0.00367763
reflector 6 1.33513e+06 10000   0.70853 0.00208028   346525 4587.58
2 6   291328 4681.13   291328 4681.13   291328 4681.13   0 0   0 0   291328 4681.13   291328 4681.13   291328 4681.13   0 0   0 0   306123 4910.11   306123 4910.11   306123 4910.11   0 0   0 0   306123 4910.11   306123 4910.11   306123 4910.11   0 0   0 0
#--- Sun direction: 186 0 (0.994522 0.104528 -0)
7 1 1 10000 0
1.33513e+06 0
593057 5309.91
0.707664 0.00210977
351098 4628.23
667.53 298.454
0 0
0 0
target 2 420000   284575 4623.12   284575 4623.12   284575 4623.12   0 0   0 0   284575 4623.12   284575 4623.12   284575 4623.12   0 0   0 0   0.213144 0.00346268   308483 4937.53   308483 4937.53   308483 4937.53   0 0   0 0   308483 4937.53   308483 4937.53   308483 4937.53   0 0   0 0   0.231051 0.00369816
reflector 6 1.33513e+06 10000   0.707664 0.00210977   351098 4628.23
2 6   284575 4623.12   284575 4623.12   284575 4623.12   0 0   0 0   284575 4623.12   284575 4623.12   284575 4623.12   0 0   0 0   308483 4937.53   308483 4937.53   308483 4937.53   0 0   0 0   308483 4937.53   308483 4937.53   308483 4937.53   0 0   0 0
#--- Sun direction: 187 0 (0.992546 0.121869 -0)
7 1 1 10000 0
1.33513e+06 0
585063 5299.75
0.706948 0.0021423
356401 4682.87
2403.17 565.922
0 0
0 0
target 2 420000   279745 4569.43   279745 4569.43   279745 4569.43   0 0   0 0   279745 4569.43   279745 4569.43   279745 4569.43   0 0   0 0   0.209527 0.00342246   305318 4928.48   305318 4928.48   305318 4928.48   0 0   0 0   305318 4928.48   305318 4928.48   305318 4928.48   0 0   0 0   0.22868 0.00369139
reflector 6 1.33513e+06 10000   0.706948 0.0021423   356401 4682.87
2 6   279745 4569.43   279745 4569.43   279745 4569.43   0 0   0 0   279745 4569.43   279745 4569.43   279745 4569.43   0 0   0 0   305318 4928.48   305318 4928.48   305318 4928.48   0 0   0 0   305318 4928.48   305318 4928.48   305318 4928.48   0 0   0 0
#--- Sun direction: 188 0 (0.990268 0.139173 -0)
7 1 1 10000 0
1.33513e+06 0
581299 5302
0.705488 0.00218184
360618 4722.28
0 0
0 0
0 0
target 2 420000   275073 4522.33   275073 4522.33   275073 4522.33   0 0   0 0   275073 4522.33   275073 4522.33   275073 4522.33   0 0   0 0   0.206028 0.00338718   306226 4950.43   306226 4950.43   306226 4950.43   0 0   0 0   306226 4950.43   306226 4950.43   306226 4950.43   0 0   0 0   0.22936 0.00370783
reflector 6 1.33513e+06 10000   0.705488 0.00218184   360618 4722.28
2 6   275073 4522.33   275073 4522.33   275073 4522.33   0 0   0 0   275073 4522.33   275073 4522.33   275073 4522.33   0 0   0 0   306226 4950.43   306226 4950.43   306226 4950.43   0 0   0 0   306226 4950.43   306226 4950.43   306226 4950.43   0 0   0 0
#--- Sun direction: 189 0 (0.987688 0.156434 -0)
7 1 1 10000 0
1.33513e+06 0
567630 5282.05
0.703396 0.00222857
368557 4790.88
2937.26 625.537
0 0
0 0
target 2 420000   271776 4470.22   271776 4470.22   271776 4470.22   0 0   0 0   271776 4470.22   271776 4470.22   271776 4470.22   0 0   0 0   0.203558 0.00334816   295854 4898.82   295854 4898.82   295854 4898.82   0 0   0 0   295854 4898.82   295854 4898.82   295854 4898.82   0 0   0 0   0.221592 0.00366917
reflector 6 1.33513e+06 10000   0.703396 0.00222857   368557 4790.88
2 6   271776 4470.22   271776 4470.22   271776 4470.22   0 0   0 0   271776 4470.22   271776 4470.22   271776 4470.22   0 0   0 0   295854 4898.82   295854 4898.82   295854 4898.82   0 0   0 0   295854 4898.82   295854 4898.82   295854 4898.82   0 0   0 0
#--- Sun direction: 190 0 (0.984808 0.173648 -0)
7 1 1 10000 0
1.33513e+06 0
561882 5290.37
0.701266 0.00228293
374399 4834.87
0 0
0 0
0 0
target 2 420000   266806 4422.91   266806 4422.91   266806 4422.91   0 0   0 0   266806 4422.91   266806 4422.91   266806 4422.91   0 0   0 0   0.199836 0.00331272   295076 4916.45   295076 4916.45   295076 4916.45   0 0   0 0   295076 4916.45   295076 4916.45   295076 4916.45   0 0   0 0   0.221009 0.00368238
reflector 6 1.33513e+06 10000   0.701266 0.00228293   374399 4834.87
2 6   266806 4422.91   266806 4422.91   266806 4422.91   0 0   0 0   266806 4422.91   266806 4422.91   266806 4422.91   0 0   0 0   295076 4916.45   295076 4916.45   295076 4916.45   0 0   0 0   295076 4916.45   295076 4916.45   295076 4916.45   0 0   0 0
#--- Sun direction: 191 0 (0.981627 0.190809 -0)
7 1 1 10000 0
1.33513e+06 0
548864 5276.71
0.698855 0.00234092
379791 4883.37
4405.92 765.707
0 0
0 0
target 2 420000   260770 4363.38   260770 4363.38   260770 4363.38   0 0   0 0   260770 4363.38   260770 4363.38   260770 4363.38   0 0   0 0   0.195314 0.00326813   288094 4881.58   288094 4881.58   288094 4881.58   0 0   0 0   288094 4881.58   288094 4881.58   288094 4881.58   0 0   0 0   0.21578 0.00365626
reflector 6 1.33513e+06 10000   0.698855 0.00234092   379791 4883.37
2 6   260770 4363.38   260770 4363.38   260770 4363.38   0 0   0 0   260770 4363.38   260770 4363.38   260770 4363.38   0 0   0 0   288094 4881.58   288094 4881.58   288094 4881.58   0 0   0 0   288094 4881.58   288094 4881.58   288094 4881.58   0 0   0 0
#--- Sun direction: 192 0 (0.978148 0.207912 -0)
7 1 1 10000 0
1.33513e+06 0
544832 5286.83
0.696291 0.00240258
384807 4926.47
0 0
0 0
0 0
target 2 420000   255015 4310.63   255015 4310.63   255015 4310.63   0 0   0 0   255015 4310.63   255015 4310.63   255015 4310.63   0 0   0 0   0.191004 0.00322862   289817 4914.33   289817 4914.33   289817 4914.33   0 0   0 0   289817 4914.33   289817 4914.33   289817 4914.33   0 0   0 0   0.21707 0.00368079
reflector 6 1.33513e+06 10000   0.696291 0.00240258   384807 4926.47
2 6   255015 4310.63   255015 4310.63   255015 4310.63   0 0   0 0   255015 4310.63   255015 4310.63   255015 4310.63   0 0   0 0   289817 4914.33   289817 4914.33   289817 4914.33   0 0   0 0   289817 4914.33   289817 4914.33   289817 4914.33   0 0   0 0
#--- Sun direction: 193 0 (0.97437 0.224951 -0)
7 1 1 10000 0
1.33513e+06 0
531366 5268.5
0.69367 0.00246698
392370 4991.36
2403.22 565.935
0 0
0 0
target 2 420000   249329 4255.94   249329 4255.94   249329 4255.94   0 0   0 0   249329 4255.94   249329 4255.94   249329 4255.94   0 0   0 0   0.186745 0.00318766   282037 4869.09   282037 4869.09   282037 4869.09   0 0   0 0   282037 4869.09   282037 4869.09   282037 4869.09   0 0   0 0   0.211243 0.0036469
reflector 6 1.33513e+06 10000   0.69367 0.00246698   392370 4991.36
2 6   249329 4255.94   249329 4255.94   249329 4255.94   0 0   0 0   249329 4255.94   249329 4255.94   249329 4255.94   0 0   0 0   282037 4869.09   282037 4869.09   282037 4869.09   0 0   0 0   282037 4869.09   282037 4869.09   282037 4869.09   0 0   0 0
#--- Sun direction: 194 0 (0.970296 0.241922 -0)
7 1 1 10000 0
1.33513e+06 0
524716 5269.08
0.691374 0.00252998
398358 5044.97
0 0
0 0
0 0
target 2 420000   244270 4206.44   244270 4206.44   244270 4206.44   0 0   0 0   244270 4206.44   244270 4206.44   244270 4206.44   0 0   0 0   0.182956 0.00315058   280446 4875.45   280446 4875.45   280446 4875.45   0 0   0 0   280446 4875.45   280446 4875.45   280446 4875.45   0 0   0 0   0.210052 0.00365167
reflector 6 1.33513e+06 10000   0.691374 0.00252998   398358 5044.97
2 6   244270 4206.44   244270 4206.44   244270 4206.44   0 0   0 0   244270 4206.44   244270 4206.44   244270 4206.44   0 0   0 0   280446 4875.45   280446 4875.45   280446 4875.45   0 0   0 0   280446 4875.45   280446 4875.45   280446 4875.45   0 0   0 0
#--- Sun direction: 195 0 (0.965926 0.258819 -0)
7 1 1 10000 0
1.33513e+06 0
514322 5264.46
0.688494 0.00260141
403438 5091.35
1468.61 442.56
0 0
0 0
target 2 420000   236765 4140.45   236765 4140.45   236765 4140.45   0 0   0 0   236765 4140.45   236765 4140.45   236765 4140.45   0 0   0 0   0.177335 0.00310116   277557 4869.74   277557 4869.74   277557 4869.74   0 0   0 0   277557 4869.74   277557 4869.74   277557 4869.74   0 0   0 0   0.207888 0.00364739
reflector 6 1.33513e+06 10000   0.688494 0.00260141   403438 5091.35
2 6   236765 4140.45   236765 4140.45   236765 4140.45   0 0   0 0   236765 4140.45   236765 4140.45   236765 4140.45   0 0   0 0   277557 4869.74   277557 4869.74   277557 4869.74   0 0   0 0   277557 4869.74   277557 4869.74   277557 4869.74   0 0   0 0
#--- Sun direction: 196 0 (0.961262 0.275637 -0)
7 1 1 10000 0
1.33513e+06 0
507716 5259.75
0.68468 0.00266885
406420 5128.46
0 0
0 0
0 0
target 2 420000   231278 4082.17   231278 4082.17   231278 4082.17   0 0   0 0   231278 4082.17   231278 4082.17   231278 4082.17   0 0   0 0   0.173225 0.00305751   276438 4877.26   276438 4877.26   276438 4877.26   0 0   0 0   276438 4877.26   276438 4877.26   276438 4877.26   0 0   0 0   0.207049 0.00365303
reflector 6 1.33513e+06 10000   0.68468 0.00266885   406420 5128.46
2 6   231278 4082.17   231278 4082.17   231278 4082.17   0 0   0 0   231278 4082.17   231278 4082.17   231278 4082.17   0 0   0 0   276438 4877.26   276438 4877.26   276438 4877.26   0 0   0 0   276438 4877.26   276438 4877.26   276438 4877.26   0 0   0 0
#--- Sun direction: 197 0 (0.956305 0.292372 -0)
7 1 1 10000 0
1.33513e+06 0
501347 5257.57
0.680145 0.00274473
406735 5154.62
0 0
0 0
0 0
target 2 420000   226172 4026.98   226172 4026.98   226172 4026.98   0 0   0 0   226172 4026.98   226172 4026.98   226172 4026.98   0 0   0 0   0.169401 0.00301617   275175 4885.98   275175 4885.98   275175 4885.98   0 0   0 0   275175 4885.98   275175 4885.98   275175 4885.98   0 0   0 0   0.206104 0.00365956
reflector 6 1.33513e+06 10000   0.680145 0.00274473   406735 5154.62
2 6   226172 4026.98   226172 4026.98   226172 4026.98   0 0   0 0   226172 4026.98   226172 4026.98   226172 4026.98   0 0   0 0   275175 4885.98   275175 4885.98   275175 4885.98   0 0   0 0   275175 4885.98   275175 4885.98   275175 4885.98   0 0   0 0
#--- Sun direction: 198 0 (0.951057 0.309017 -0)
7 1 1 10000 0
1.33513e+06 0
496190 5257.06
0.675512 0.00282238
405706 5179.23
0 0
0 0
0 0
target 2 420000   221509 3976.3   221509 3976.3   221509 3976.3   0 0   0 0   221509 3976.3   221509 3976.3   221509 3976.3   0 0   0 0   0.165908 0.00297821   274681 4898.42   274681 4898.42   274681 4898.42   0 0   0 0   274681 4898.42   274681 4898.42   274681 4898.42   0 0   0 0   0.205733 0.00366888
reflector 6 1.33513e+06 10000   0.675512 0.00282238   405706 5179.23
2 6   221509 3976.3   221509 3976.3   221509 3976.3   0 0   0 0   221509 3976.3   221509 3976.3   221509 3976.3   0 0   0 0   274681 4898.42   274681 4898.42   274681 4898.42   0 0   0 0   274681 4898.42   274681 4898.42   274681 4898.42   0 0   0 0
#--- Sun direction: 199 0 (0.945519 0.325568 -0)
7 1 1 10000 0
1.33513e+06 0
486066 5258.71
0.672894 0.00289932
412335 5235.9
0 0
0 0
0 0
target 2 420000   215070 3916.12   215070 3916.12   215070 3916.12   0 0   0 0   215070 3916.12   215070 3916.12   215070 3916.12   0 0   0 0   0.161085 0.00293314   270996 4896.4   270996 4896.4   270996 4896.4   0 0   0 0   270996 4896.4   270996 4896.4   270996 4896.4   0 0   0 0   0.202974 0.00366736
reflector 6 1.33513e+06 10000   0.672894 0.00289932   412335 5235.9
2 6   215070 3916.12   215070 3916.12   215070 3916.12   0 0   0 0   215070 3916.12   215070 3916.12   215070 3916.12   0 0   0 0   270996 4896.4   270996 4896.4   270996 4896.4   0 0   0 0   270996 4896.4   270996 4896.4   270996 4896.4   0 0   0 0
#--- Sun direction: 200 0 (0.939693 0.34202 -0)
7 1 1 10000 0
1.33513e+06 0
476445 5252.89
0.668913 0.00297838
416240 5282.14
400.535 231.214
0 0
0 0
target 2 420000   209636 3861   209636 3861   209636 3861   0 0   0 0   209636 3861   209636 3861   209636 3861   0 0   0 0   0.157015 0.00289185   266809 4885.9   266809 4885.9   266809 4885.9   0 0   0 0   266809 4885.9   266809 4885.9   266809 4885.9   0 0   0 0   0.199837 0.0036595
reflector 6 1.33513e+06 10000   0.668913 0.00297838   416240 5282.14
2 6   209636 3861   209636 3861   209636 3861   0 0   0 0   209636 3861   209636 3861   209636 3861   0 0   0 0   266809 4885.9   266809 4885.9   266809 4885.9   0 0   0 0   266809 4885.9   266809 4885.9   266809 4885.9   0 0   0 0
#--- Sun direction: 201 0 (0.93358 0.358368 -0)
7 1 1 10000 0
1.33513e+06 0
467977 5251.54
0.663666 0.00305948
418103 5314.08
0 0
0 0
0 0
target 2 420000   204417 3808.41   204417 3808.41   204417 3808.41   0 0   0 0   204417 3808.41   204417 3808.41   204417 3808.41   0 0   0 0   0.153107 0.00285247   263560 4883.64   263560 4883.64   263560 4883.64   0 0   0 0   263560 4883.64   263560 4883.64   263560 4883.64   0 0   0 0   0.197404 0.0036578
reflector 6 1.33513e+06 10000   0.663666 0.00305948   418103 5314.08
2 6   204417 3808.41   204417 3808.41   204417 3808.41   0 0   0 0   204417 3808.41   204417 3808.41   204417 3808.41   0 0   0 0   263560 4883.64   263560 4883.64   263560 4883.64   0 0   0 0   263560 4883.64   263560 4883.64   263560 4883.64   0 0   0 0
#--- Sun direction: 202 0 (0.927184 0.374607 -0)
7 1 1 10000 0
1.33513e+06 0
458876 5243.45
0.659352 0.00313463
419175 5346.73
2269.72 550.019
0 0
0 0
target 2 420000   200589 3769.31   200589 3769.31   200589 3769.31   0 0   0 0   200589 3769.31   200589 3769.31   200589 3769.31   0 0   0 0   0.150239 0.00282318   258287 4862.91   258287 4862.91   258287 4862.91   0 0   0 0   258287 4862.91   258287 4862.91   258287 4862.91   0 0   0 0   0.193455 0.00364228
reflector 6 1.33513e+06 10000   0.659352 0.00313463   419175 5346.73
2 6   200589 3769.31   200589 3769.31   200589 3769.31   0 0   0 0   200589 3769.31   200589 3769.31   200589 3769.31   0 0   0 0   258287 4862.91   258287 4862.91   258287 4862.91   0 0   0 0   258287 4862.91   258287 4862.91   258287 4862.91   0 0   0 0
#--- Sun direction: 203 0 (0.920505 0.390731 -0)
7 1 1 10000 0
1.33513e+06 0
447882 5231.74
0.654465 0.00321415
425867 5403.69
46.3565 6.01727
0 0
0 0
target 2 420000   194145 3705.55   194145 3705.55   194145 3705.55   0 0   0 0   194145 3705.55   194145 3705.55   194145 3705.55   0 0   0 0   0.145413 0.00277543   253736 4846.89   253736 4846.89   253736 4846.89   0 0   0 0   253736 4846.89   253736 4846.89   253736 4846.89   0 0   0 0   0.190046 0.00363028
reflector 6 1.33513e+06 10000   0.654465 0.00321415   425867 5403.69
2 6   194145 3705.55   194145 3705.55   194145 3705.55   0 0   0 0   194145 3705.55   194145 3705.55   194145 3705.55   0 0   0 0   253736 4846.89   253736 4846.89   253736 4846.89   0 0   0 0   253736 4846.89   253736 4846.89   253736 4846.89   0 0   0 0
#--- Sun direction: 204 0 (0.913545 0.406737 -0)
7 1 1 10000 0
1.33513e+06 0
435211 5217.14
0.651802 0.00327973
434105 5460.06
924.219 299.538
0 0
0 0
target 2 420000   187819 3645   187819 3645   187819 3645   0 0   0 0   187819 3645   187819 3645   187819 3645   0 0   0 0   0.140675 0.00273008   247391 4819.28   247391 4819.28   247391 4819.28   0 0   0 0   247391 4819.28   247391 4819.28   247391 4819.28   0 0   0 0   0.185294 0.0036096
reflector 6 1.33513e+06 10000   0.651802 0.00327973   434105 5460.06
2 6   187819 3645   187819 3645   187819 3645   0 0   0 0   187819 3645   187819 3645   187819 3645   0 0   0 0   247391 4819.28   247391 4819.28   247391 4819.28   0 0   0 0   247391 4819.28   247391 4819.28   247391 4819.28   0 0   0 0
#--- Sun direction: 205 0 (0.906308 0.422618 -0)
7 1 1 10000 0
1.33513e+06 0
426239 5214.31
0.649559 0.00334289
440420 5511.36
586.426 49.4267
0 0
0 0
target 2 420000   181089 3584.33   181089 3584.33   181089 3584.33   0 0   0 0   181089 3584.33   181089 3584.33   181089 3584.33   0 0   0 0   0.135634 0.00268463   245150 4818.75   245150 4818.75   245150 4818.75   0 0   0 0   245150 4818.75   245150 4818.75   245150 4818.75   0 0   0 0   0.183615 0.0036092
reflector 6 1.33513e+06 10000   0.649559 0.00334289   440420 5511.36
2 6   181089 3584.33   181089 3584.33   181089 3584.33   0 0   0 0   181089 3584.33   181089 3584.33   181089 3584.33   0 0   0 0   245150 4818.75   245150 4818.75   245150 4818.75   0 0   0 0   245150 4818.75   245150 4818.75   245150 4818.75   0 0   0 0
#--- Sun direction: 206 0 (0.898794 0.438371 -0)
7 1 1 10000 0
1.33513e+06 0
416673 5195.39
0.6432 0.00339693
441029 5523.12
1053.19 77.8921
0 0
0 0
target 2 420000   177580 3544.06   177580 3544.06   177580 3544.06   0 0   0 0   177580 3544.06   177580 3544.06   177580 3544.06   0 0   0 0   0.133006 0.00265447   239093 4787.83   239093 4787.83   239093 4787.83   0 0   0 0   239093 4787.83   239093 4787.83   239093 4787.83   0 0   0 0   0.179078 0.00358605
reflector 6 1.33513e+06 10000   0.6432 0.00339693   441029 5523.12
2 6   177580 3544.06   177580 3544.06   177580 3544.06   0 0   0 0   177580 3544.06   177580 3544.06   177580 3544.06   0 0   0 0   239093 4787.83   239093 4787.83   239093 4787.83   0 0   0 0   239093 4787.83   239093 4787.83   239093 4787.83   0 0   0 0
#--- Sun direction: 207 0 (0.891007 0.45399 -0)
7 1 1 10000 0
1.33513e+06 0
410005 5199.24
0.639615 0.00345079
442126 5545.23
1837.35 114.005
0 0
0 0
target 2 420000   170479 3480.52   170479 3480.52   170479 3480.52   0 0   0 0   170479 3480.52   170479 3480.52   170479 3480.52   0 0   0 0   0.127687 0.00260688   239526 4804.67   239526 4804.67   239526 4804.67   0 0   0 0   239526 4804.67   239526 4804.67   239526 4804.67   0 0   0 0   0.179403 0.00359866
reflector 6 1.33513e+06 10000   0.639615 0.00345079   442126 5545.23
2 6   170479 3480.52   170479 3480.52   170479 3480.52   0 0   0 0   170479 3480.52   170479 3480.52   170479 3480.52   0 0   0 0   239526 4804.67   239526 4804.67   239526 4804.67   0 0   0 0   239526 4804.67   239526 4804.67   239526 4804.67   0 0   0 0
#--- Sun direction: 208 0 (0.882948 0.469472 -0)
7 1 1 10000 0
1.33513e+06 0
404847 5202.8
0.637447 0.00348918
443581 5565.53
2645.34 150.988
0 0
0 0
target 2 420000   164656 3420.64   164656 3420.64   164656 3420.64   0 0   0 0   164656 3420.64   164656 3420.64   164656 3420.64   0 0   0 0   0.123326 0.00256203   240191 4824.74   240191 4824.74   240191 4824.74   0 0   0 0   240191 4824.74   240191 4824.74   240191 4824.74   0 0   0 0   0.179901 0.00361369
reflector 6 1.33513e+06 10000   0.637447 0.00348918   443581 5565.53
2 6   164656 3420.64   164656 3420.64   164656 3420.64   0 0   0 0   164656 3420.64   164656 3420.64   164656 3420.64   0 0   0 0   240191 4824.74   240191 4824.74   240191 4824.74   0 0   0 0   240191 4824.74   240191 4824.74   240191 4824.74   0 0   0 0
#--- Sun direction: 209 0 (0.87462 0.48481 -0)
7 1 1 10000 0
1.33513e+06 0
393632 5191.02
0.633875 0.00352349
449013 5577.84
3660.65 193.867
0 0
0 0
target 2 420000   159072 3374.44   159072 3374.44   159072 3374.44   0 0   0 0   159072 3374.44   159072 3374.44   159072 3374.44   0 0   0 0   0.119144 0.00252743   234560 4798.15   234560 4798.15   234560 4798.15   0 0   0 0   234560 4798.15   234560 4798.15   234560 4798.15   0 0   0 0   0.175683 0.00359377
reflector 6 1.33513e+06 10000   0.633875 0.00352349   449013 5577.84
2 6   159072 3374.44   159072 3374.44   159072 3374.44   0 0   0 0   159072 3374.44   159072 3374.44   159072 3374.44   0 0   0 0   234560 4798.15   234560 4798.15   234560 4798.15   0 0   0 0   234560 4798.15   234560 4798.15   234560 4798.15   0 0   0 0
#--- Sun direction: 210 0 (0.866025 0.5 -0)
7 1 1 10000 0
1.33513e+06 0
388079 5199.02
0.632747 0.00354698
451884 5588.02
4836.3 238.079
0 0
0 0
target 2 420000   153928 3330.3   153928 3330.3   153928 3330.3   0 0   0 0   153928 3330.3   153928 3330.3   153928 3330.3   0 0   0 0   0.115291 0.00249436   234150 4811.18   234150 4811.18   234150 4811.18   0 0   0 0   234150 4811.18   234150 4811.18   234150 4811.18   0 0   0 0   0.175377 0.00360353
reflector 6 1.33513e+06 10000   0.632747 0.00354698   451884 5588.02
2 6   153928 3330.3   153928 3330.3   153928 3330.3   0 0   0 0   153928 3330.3   153928 3330.3   153928 3330.3   0 0   0 0   234150 4811.18   234150 4811.18   234150 4811.18   0 0   0 0   234150 4811.18   234150 4811.18   234150 4811.18   0 0   0 0
#--- Sun direction: 211 0 (0.857167 0.515038 -0)
7 1 1 10000 0
1.33513e+06 0
378248 5191.78
0.629706 0.00357572
456245 5595.69
6246.77 286.973
0 0
0 0
target 2 420000   147095 3272.48   147095 3272.48   147095 3272.48   0 0   0 0   147095 3272.48   147095 3272.48   147095 3272.48   0 0   0 0   0.110173 0.00245106   231152 4800.6   231152 4800.6   231152 4800.6   0 0   0 0   231152 4800.6   231152 4800.6   231152 4800.6   0 0   0 0   0.173131 0.00359561
reflector 6 1.33513e+06 10000   0.629706 0.00357572   456245 5595.69
2 6   147095 3272.48   147095 3272.48   147095 3272.48   0 0   0 0   147095 3272.48   147095 3272.48   147095 3272.48   0 0   0 0   231152 4800.6   231152 4800.6   231152 4800.6   0 0   0 0   231152 4800.6   231152 4800.6   231152 4800.6   0 0   0 0
#--- Sun direction: 212 0 (0.848048 0.529919 -0)
7 1 1 10000 0
1.33513e+06 0
372743 5201.03
0.628692 0.00359273
459165 5596.62
7476.52 331.799
0 0
0 0
target 2 420000   141967 3230.17   141967 3230.17   141967 3230.17   0 0   0 0   141967 3230.17   141967 3230.17   141967 3230.17   0 0   0 0   0.106332 0.00241937   230777 4813.45   230777 4813.45   230777 4813.45   0 0   0 0   230777 4813.45   230777 4813.45   230777 4813.45   0 0   0 0   0.17285 0.00360523
reflector 6 1.33513e+06 10000   0.628692 0.00359273   459165 5596.62
2 6   141967 3230.17   141967 3230.17   141967 3230.17   0 0   0 0   141967 3230.17   141967 3230.17   141967 3230.17   0 0   0 0   230777 4813.45   230777 4813.45   230777 4813.45   0 0   0 0   230777 4813.45   230777 4813.45   230777 4813.45   0 0   0 0
#--- Sun direction: 213 0 (0.838671 0.544639 -0)
7 1 1 10000 0
1.33513e+06 0
363322 5189.96
0.626255 0.00361624
463840 5605.18
8969.47 381.785
0 0
0 0
target 2 420000   134637 3158.54   134637 3158.54   134637 3158.54   0 0   0 0   134637 3158.54   134637 3158.54   134637 3158.54   0 0   0 0   0.100842 0.00236572   228685 4808.04   228685 4808.04   228685 4808.04   0 0   0 0   228685 4808.04   228685 4808.04   228685 4808.04   0 0   0 0   0.171283 0.00360118
reflector 6 1.33513e+06 10000   0.626255 0.00361624   463840 5605.18
2 6   134637 3158.54   134637 3158.54   134637 3158.54   0 0   0 0   134637 3158.54   134637 3158.54   134637 3158.54   0 0   0 0   228685 4808.04   228685 4808.04   228685 4808.04   0 0   0 0   228685 4808.04   228685 4808.04   228685 4808.04   0 0   0 0
#--- Sun direction: 214 0 (0.829038 0.559193 -0)
7 1 1 10000 0
1.33513e+06 0
354036 5181.07
0.624725 0.00363114
469352 5609.39
10700.2 436.231
0 0
0 0
target 2 420000   127261 3086.6   127261 3086.6   127261 3086.6   0 0   0 0   127261 3086.6   127261 3086.6   127261 3086.6   0 0   0 0   0.0953174 0.00231184   226775 4805.04   226775 4805.04   226775 4805.04   0 0   0 0   226775 4805.04   226775 4805.04   226775 4805.04   0 0   0 0   0.169853 0.00359893
reflector 6 1.33513e+06 10000   0.624725 0.00363114   469352 5609.39
2 6   127261 3086.6   127261 3086.6   127261 3086.6   0 0   0 0   127261 3086.6   127261 3086.6   127261 3086.6   0 0   0 0   226775 4805.04   226775 4805.04   226775 4805.04   0 0   0 0   226775 4805.04   226775 4805.04   226775 4805.04   0 0   0 0
#--- Sun direction: 215 0 (0.819152 0.573576 -0)
7 1 1 10000 0
1.33513e+06 0
346262 5175.38
0.625397 0.0036383
476305 5621.46
12418.2 488.998
0 0
0 0
target 2 420000   119638 3000.79   119638 3000.79   119638 3000.79   0 0   0 0   119638 3000.79   119638 3000.79   119638 3000.79   0 0   0 0   0.0896075 0.00224757   226624 4816.88   226624 4816.88   226624 4816.88   0 0   0 0   226624 4816.88   226624 4816.88   226624 4816.88   0 0   0 0   0.16974 0.0036078
reflector 6 1.33513e+06 10000   0.625397 0.0036383   476305 5621.46
2 6   119638 3000.79   119638 3000.79   119638 3000.79   0 0   0 0   119638 3000.79   119638 3000.79   119638 3000.79   0 0   0 0   226624 4816.88   226624 4816.88   226624 4816.88   0 0   0 0   226624 4816.88   226624 4816.88   226624 4816.88   0 0   0 0
#--- Sun direction: 216 0 (0.809017 0.587785 -0)
7 1 1 10000 0
1.33513e+06 0
337307 5153.94
0.625485 0.00363618
483881 5625.57
13915.3 536.085
0 0
0 0
target 2 420000   115111 2950.66   115111 2950.66   115111 2950.66   0 0   0 0   115111 2950.66   115111 2950.66   115111 2950.66   0 0   0 0   0.0862174 0.00221002   222196 4792.93   222196 4792.93   222196 4792.93   0 0   0 0   222196 4792.93   222196 4792.93   222196 4792.93   0 0   0 0   0.166423 0.00358986
reflector 6 1.33513e+06 10000   0.625485 0.00363618   483881 5625.57
2 6   115111 2950.66   115111 2950.66   115111 2950.66   0 0   0 0   115111 2950.66   115111 2950.66   115111 2950.66   0 0   0 0   222196 4792.93   222196 4792.93   222196 4792.93   0 0   0 0   222196 4792.93   222196 4792.93   222196 4792.93   0 0   0 0
#--- Sun direction: 217 0 (0.798636 0.601815 -0)
7 1 1 10000 0
1.33513e+06 0
325518 5117.12
0.619941 0.00364921
485851 5610.13
16332.3 600.426
0 0
0 0
target 2 420000   107476 2852.78   107476 2852.78   107476 2852.78   0 0   0 0   107476 2852.78   107476 2852.78   107476 2852.78   0 0   0 0   0.0804988 0.00213671   218041 4767.95   218041 4767.95   218041 4767.95   0 0   0 0   218041 4767.95   218041 4767.95   218041 4767.95   0 0   0 0   0.163311 0.00357116
reflector 6 1.33513e+06 10000   0.619941 0.00364921   485851 5610.13
2 6   107476 2852.78   107476 2852.78   107476 2852.78   0 0   0 0   107476 2852.78   107476 2852.78   107476 2852.78   0 0   0 0   218041 4767.95   218041 4767.95   218041 4767.95   0 0   0 0   218041 4767.95   218041 4767.95   218041 4767.95   0 0   0 0
#--- Sun direction: 218 0 (0.788011 0.615661 -0)
7 1 1 10000 0
1.33513e+06 0
309805 5059.01
0.619557 0.00365369
498978 5627.1
18405.9 657.936
0 0
0 0
target 2 420000   99430.7 2752.59   99430.7 2752.59   99430.7 2752.59   0 0   0 0   99430.7 2752.59   99430.7 2752.59   99430.7 2752.59   0 0   0 0   0.0744727 0.00206166   210374 4711.73   210374 4711.73   210374 4711.73   0 0   0 0   210374 4711.73   210374 4711.73   210374 4711.73   0 0   0 0   0.157568 0.00352905
reflector 6 1.33513e+06 10000   0.619557 0.00365369   498978 5627.1
2 6   99430.7 2752.59   99430.7 2752.59   99430.7 2752.59   0 0   0 0   99430.7 2752.59   99430.7 2752.59   99430.7 2752.59   0 0   0 0   210374 4711.73   210374 4711.73   210374 4711.73   0 0   0 0   210374 4711.73   210374 4711.73   210374 4711.73   0 0   0 0
#--- Sun direction: 219 0 (0.777146 0.62932 -0)
7 1 1 10000 0
1.33513e+06 0
301038 5040.52
0.619445 0.00365561
505396 5626.44
20605.1 713.878
0 0
0 0
target 2 420000   92012.9 2656.27   92012.9 2656.27   92012.9 2656.27   0 0   0 0   92012.9 2656.27   92012.9 2656.27   92012.9 2656.27   0 0   0 0   0.0689169 0.00198953   209025 4711.44   209025 4711.44   209025 4711.44   0 0   0 0   209025 4711.44   209025 4711.44   209025 4711.44   0 0   0 0   0.156558 0.00352883
reflector 6 1.33513e+06 10000   0.619445 0.00365561   505396 5626.44
2 6   92012.9 2656.27   92012.9 2656.27   92012.9 2656.27   0 0   0 0   92012.9 2656.27   92012.9 2656.27   92012.9 2656.27   0 0   0 0   209025 4711.44   209025 4711.44   209025 4711.44   0 0   0 0   209025 4711.44   209025 4711.44   209025 4711.44   0 0   0 0
#--- Sun direction: 220 0 (0.766044 0.642788 -0)
7 1 1 10000 0
1.33513e+06 0
292508 5019.78
0.618513 0.00365248
510186 5615.38
23101.2 777.922
0 0
0 0
target 2 420000   84821.2 2557.06   84821.2 2557.06   84821.2 2557.06   0 0   0 0   84821.2 2557.06   84821.2 2557.06   84821.2 2557.06   0 0   0 0   0.0635303 0.00191522   207686 4709.87   207686 4709.87   207686 4709.87   0 0   0 0   207686 4709.87   207686 4709.87   207686 4709.87   0 0   0 0   0.155555 0.00352765
reflector 6 1.33513e+06 10000   0.618513 0.00365248   510186 5615.38
2 6   84821.2 2557.06   84821.2 2557.06   84821.2 2557.06   0 0   0 0   84821.2 2557.06   84821.2 2557.06   84821.2 2557.06   0 0   0 0   207686 4709.87   207686 4709.87   207686 4709.87   0 0   0 0   207686 4709.87   207686 4709.87   207686 4709.87   0 0   0 0
#--- Sun direction: 221 0 (0.75471 0.656059 -0)
7 1 1 10000 0
1.33513e+06 0
280189 4967.43
0.616012 0.00364019
516579 5593.01
25686.8 839.61
0 0
0 0
target 2 420000   78360.7 2463.5   78360.7 2463.5   78360.7 2463.5   0 0   0 0   78360.7 2463.5   78360.7 2463.5   78360.7 2463.5   0 0   0 0   0.0586915 0.00184514   201829 4665.79   201829 4665.79   201829 4665.79   0 0   0 0   201829 4665.79   201829 4665.79   201829 4665.79   0 0   0 0   0.151168 0.00349464
reflector 6 1.33513e+06 10000   0.616012 0.00364019   516579 5593.01
2 6   78360.7 2463.5   78360.7 2463.5   78360.7 2463.5   0 0   0 0   78360.7 2463.5   78360.7 2463.5   78360.7 2463.5   0 0   0 0   201829 4665.79   201829 4665.79   201829 4665.79   0 0   0 0   201829 4665.79   201829 4665.79   201829 4665.79   0 0   0 0
#--- Sun direction: 222 0 (0.743145 0.669131 -0)
7 1 1 10000 0
1.33513e+06 0
269237 4930.54
0.617163 0.00361635
526344 5572.47
28411.8 901.518
0 0
0 0
target 2 420000   70276 2345.57   70276 2345.57   70276 2345.57   0 0   0 0   70276 2345.57   70276 2345.57   70276 2345.57   0 0   0 0   0.0526361 0.00175681   198961 4648.11   198961 4648.11   198961 4648.11   0 0   0 0   198961 4648.11   198961 4648.11   198961 4648.11   0 0   0 0   0.14902 0.0034814
reflector 6 1.33513e+06 10000   0.617163 0.00361635   526344 5572.47
2 6   70276 2345.57   70276 2345.57   70276 2345.57   0 0   0 0   70276 2345.57   70276 2345.57   70276 2345.57   0 0   0 0   198961 4648.11   198961 4648.11   198961 4648.11   0 0   0 0   198961 4648.11   198961 4648.11   198961 4648.11   0 0   0 0
#--- Sun direction: 223 0 (0.731354 0.681998 -0)
7 1 1 10000 0
1.33513e+06 0
256558 4873.79
0.616163 0.00360554
535071 5555.32
31028 962.144
0 0
0 0
target 2 420000   62511.8 2218.57   62511.8 2218.57   62511.8 2218.57   0 0   0 0   62511.8 2218.57   62511.8 2218.57   62511.8 2218.57   0 0   0 0   0.0468208 0.00166169   194046 4610.62   194046 4610.62   194046 4610.62   0 0   0 0   194046 4610.62   194046 4610.62   194046 4610.62   0 0   0 0   0.145339 0.00345331
reflector 6 1.33513e+06 10000   0.616163 0.00360554   535071 5555.32
2 6   62511.8 2218.57   62511.8 2218.57   62511.8 2218.57   0 0   0 0   62511.8 2218.57   62511.8 2218.57   62511.8 2218.57   0 0   0 0   194046 4610.62   194046 4610.62   194046 4610.62   0 0   0 0   194046 4610.62   194046 4610.62   194046 4610.62   0 0   0 0
#--- Sun direction: 224 0 (0.71934 0.694658 -0)
7 1 1 10000 0
1.33513e+06 0
248220 4852.89
0.617944 0.00357734
543069 5523.73
33745.7 1025.03
0 0
0 0
target 2 420000   54481.5 2083.52   54481.5 2083.52   54481.5 2083.52   0 0   0 0   54481.5 2083.52   54481.5 2083.52   54481.5 2083.52   0 0   0 0   0.0408062 0.00156054   193739 4617.42   193739 4617.42   193739 4617.42   0 0   0 0   193739 4617.42   193739 4617.42   193739 4617.42   0 0   0 0   0.145109 0.00345841
reflector 6 1.33513e+06 10000   0.617944 0.00357734   543069 5523.73
2 6   54481.5 2083.52   54481.5 2083.52   54481.5 2083.52   0 0   0 0   54481.5 2083.52   54481.5 2083.52   54481.5 2083.52   0 0   0 0   193739 4617.42   193739 4617.42   193739 4617.42   0 0   0 0   193739 4617.42   193739 4617.42   193739 4617.42   0 0   0 0
#--- Sun direction: 225 0 (0.707107 0.707107 -0)
7 1 1 10000 0
1.33513e+06 0
233429 4782.03
0.61537 0.00356071
551476 5481.54
36692.5 1091.55
0 0
0 0
target 2 420000   44620.5 1897.98   44620.5 1897.98   44620.5 1897.98   0 0   0 0   44620.5 1897.98   44620.5 1897.98   44620.5 1897.98   0 0   0 0   0.0334204 0.00142157   188809 4577.17   188809 4577.17   188809 4577.17   0 0   0 0   188809 4577.17   188809 4577.17   188809 4577.17   0 0   0 0   0.141416 0.00342826
reflector 6 1.33513e+06 10000   0.61537 0.00356071   551476 5481.54
2 6   44620.5 1897.98   44620.5 1897.98   44620.5 1897.98   0 0   0 0   44620.5 1897.98   44620.5 1897.98   44620.5 1897.98   0 0   0 0   188809 4577.17   188809 4577.17   188809 4577.17   0 0   0 0   188809 4577.17   188809 4577.17   188809 4577.17   0 0   0 0
